subject, session, target, StimLat, CurrentTask, TaskCondition, block, trial, LoadLevel, SetSize, ShownLocs, AllColors, ShownColors, ProbeMatch, ChosenProbeColor, CorrectProbeColor, ProbeLoc, probert, msecProbeRT, probeACC, response, error, matchCond
103, 2, SUP, Left, 1, SpatialChangeDetection, 1, 1, 4, 7, [1 2 3 4 5 6 7], [1 41 81 121 161 201 241 281 320], [161 81 320 201 121 281 241], 2, 4, 201, 1, 7.473725e-01, 747, 1, d, NA, lure
103, 2, SUP, Left, 1, SpatialChangeDetection, 1, 2, 2, 3, [5 6 7], [1 41 81 121 161 201 241 281 320], [281 41 1], 2, 2, 41, 7, 4.841694e-01, 484, 1, d, NA, lure
103, 2, SUP, Left, 1, SpatialChangeDetection, 1, 3, 1, 1, 7, [1 41 81 121 161 201 241 281 320], 41, 1, 1, 41, 7, 3.733297e-01, 373, 1, s, NA, match
103, 2, SUP, Left, 1, SpatialChangeDetection, 1, 4, 4, 7, [1 2 3 4 5 6 7], [1 41 81 121 161 201 241 281 320], [241 81 161 121 41 1 320], 1, 1, 241, 1, 7.274295e-01, 727, 1, s, NA, match
103, 2, SUP, Left, 1, SpatialChangeDetection, 1, 5, 1, 1, 7, [1 41 81 121 161 201 241 281 320], 81, 1, 1, 81, 7, 4.806504e-01, 481, 1, s, NA, match
103, 2, SUP, Left, 1, SpatialChangeDetection, 1, 6, 1, 1, 1, [1 41 81 121 161 201 241 281 320], 241, 1, 1, 241, 1, 6.585984e-01, 659, 1, s, NA, match
103, 2, SUP, Left, 1, SpatialChangeDetection, 1, 7, 3, 5, [1 2 3 4 5], [1 41 81 121 161 201 241 281 320], [241 81 281 41 161], 2, 2, 81, 5, 6.756881e-01, 676, 1, d, NA, lure
103, 2, SUP, Left, 1, SpatialChangeDetection, 1, 8, 3, 5, [4 5 6 7 8], [1 41 81 121 161 201 241 281 320], [121 1 41 241 81], 1, 1, 121, 4, 1.228977e+00, 1229, 1, s, NA, match
103, 2, SUP, Left, 1, SpatialChangeDetection, 1, 9, 1, 1, 3, [1 41 81 121 161 201 241 281 320], 201, 2, 9, 161, 3, 7.095868e-01, 710, 1, d, NA, novel non-match
103, 2, SUP, Left, 1, SpatialChangeDetection, 1, 10, 3, 5, [3 4 5 6 7], [1 41 81 121 161 201 241 281 320], [161 241 121 81 41], 1, 4, 81, 6, 7.434747e-01, 743, 0, d, NA, match
103, 2, SUP, Left, 1, SpatialChangeDetection, 1, 11, 3, 5, [4 5 6 7 8], [1 41 81 121 161 201 241 281 320], [241 81 1 121 161], 2, 9, 41, 4, 8.009212e-01, 801, 1, d, NA, novel non-match
103, 2, SUP, Left, 1, SpatialChangeDetection, 1, 12, 2, 3, [7 8 9], [1 41 81 121 161 201 241 281 320], [241 281 1], 2, 2, 281, 9, 8.098479e-01, 810, 1, d, NA, lure
103, 2, SUP, Left, 1, SpatialChangeDetection, 1, 13, 4, 7, [1 2 3 4 5 6 7], [1 41 81 121 161 201 241 281 320], [121 201 81 1 241 41 320], 1, 2, 201, 2, 9.068698e-01, 907, 0, d, NA, match
103, 2, SUP, Left, 1, SpatialChangeDetection, 1, 14, 2, 3, [3 4 5], [1 41 81 121 161 201 241 281 320], [201 121 161], 2, 9, 81, 3, 5.489625e-01, 549, 1, d, NA, novel non-match
103, 2, SUP, Left, 1, SpatialChangeDetection, 1, 15, 3, 5, [4 5 6 7 8], [1 41 81 121 161 201 241 281 320], [320 1 201 161 121], 2, 5, 121, 7, 8.304875e-01, 830, 1, d, NA, lure
103, 2, SUP, Left, 1, SpatialChangeDetection, 1, 16, 4, 7, [2 3 4 5 6 7 8], [1 41 81 121 161 201 241 281 320], [201 281 81 41 241 1 121], 1, 6, 1, 7, 7.591017e-01, 759, 1, s, NA, match
103, 2, SUP, Left, 1, SpatialChangeDetection, 1, 17, 4, 7, [3 4 5 6 7 8 9], [1 41 81 121 161 201 241 281 320], [241 320 121 41 81 1 161], 2, 9, 201, 7, 1.359671e+00, 1360, 1, d, NA, novel non-match
103, 2, SUP, Left, 1, SpatialChangeDetection, 1, 18, 2, 3, [3 4 5], [1 41 81 121 161 201 241 281 320], [121 241 81], 1, 3, 81, 5, 7.703641e-01, 770, 1, s, NA, match
103, 2, SUP, Left, 1, SpatialChangeDetection, 1, 19, 2, 3, [4 5 6], [1 41 81 121 161 201 241 281 320], [121 1 201], 1, 1, 121, 4, 1.242627e+00, 1243, 1, s, NA, match
103, 2, SUP, Left, 1, SpatialChangeDetection, 1, 20, 2, 3, [5 6 7], [1 41 81 121 161 201 241 281 320], [241 161 281], 1, 1, 241, 5, 5.487597e-01, 549, 1, s, NA, match
103, 2, SUP, Left, 1, SpatialChangeDetection, 1, 21, 4, 7, [1 2 3 4 5 6 7], [1 41 81 121 161 201 241 281 320], [201 1 121 41 81 320 161], 1, 3, 121, 3, 7.656949e-01, 766, 0, d, NA, match
103, 2, SUP, Left, 1, SpatialChangeDetection, 1, 22, 3, 5, [5 6 7 8 9], [1 41 81 121 161 201 241 281 320], [161 320 281 1 81], 1, 4, 1, 8, 1.031249e+00, 1031, 0, d, NA, match
103, 2, SUP, Left, 1, SpatialChangeDetection, 1, 23, 2, 3, [4 5 6], [1 41 81 121 161 201 241 281 320], [201 320 161], 2, 9, 1, 5, 5.517128e-01, 552, 0, s, NA, novel non-match
103, 2, SUP, Left, 1, SpatialChangeDetection, 1, 24, 1, 1, 7, [1 41 81 121 161 201 241 281 320], 121, 1, 1, 121, 7, 4.335700e-01, 434, 1, s, NA, match
103, 2, SUP, Left, 1, SpatialChangeDetection, 1, 25, 3, 5, [3 4 5 6 7], [1 41 81 121 161 201 241 281 320], [81 121 1 41 241], 1, 4, 41, 6, 7.316241e-01, 732, 0, d, NA, match
103, 2, SUP, Left, 1, SpatialChangeDetection, 1, 26, 1, 1, 1, [1 41 81 121 161 201 241 281 320], 41, 2, 9, 81, 1, 5.889770e-01, 589, 1, d, NA, novel non-match
103, 2, SUP, Left, 1, SpatialChangeDetection, 1, 27, 3, 5, [2 3 4 5 6], [1 41 81 121 161 201 241 281 320], [1 121 281 320 81], 2, 3, 281, 5, 1.206058e+00, 1206, 0, s, NA, lure
103, 2, SUP, Left, 1, SpatialChangeDetection, 1, 28, 3, 5, [5 6 7 8 9], [1 41 81 121 161 201 241 281 320], [121 81 320 161 41], 1, 4, 161, 8, 1.687239e+00, 1687, 0, d, NA, match
103, 2, SUP, Left, 1, SpatialChangeDetection, 1, 29, 4, 7, [1 2 3 4 5 6 7], [1 41 81 121 161 201 241 281 320], [320 1 81 201 41 161 121], 2, 7, 121, 5, 1.360818e+00, 1361, 1, d, NA, lure
103, 2, SUP, Left, 1, SpatialChangeDetection, 1, 30, 3, 5, [4 5 6 7 8], [1 41 81 121 161 201 241 281 320], [320 201 41 161 81], 1, 4, 161, 7, 1.330584e+00, 1331, 1, s, NA, match
103, 2, SUP, Left, 1, SpatialChangeDetection, 1, 31, 4, 7, [1 2 3 4 5 6 7], [1 41 81 121 161 201 241 281 320], [81 320 241 201 41 281 161], 1, 5, 41, 5, 1.635298e+00, 1635, 0, d, NA, match
103, 2, SUP, Left, 1, SpatialChangeDetection, 1, 32, 2, 3, [4 5 6], [1 41 81 121 161 201 241 281 320], [41 1 281], 2, 9, 121, 4, 7.729980e-01, 773, 1, d, NA, novel non-match
103, 2, SUP, Left, 1, SpatialChangeDetection, 1, 33, 4, 7, [2 3 4 5 6 7 8], [1 41 81 121 161 201 241 281 320], [41 1 241 281 201 161 121], 2, 1, 41, 4, 1.005512e+00, 1006, 1, d, NA, lure
103, 2, SUP, Left, 1, SpatialChangeDetection, 1, 34, 4, 7, [1 2 3 4 5 6 7], [1 41 81 121 161 201 241 281 320], [201 1 41 81 161 281 320], 2, 9, 241, 7, 8.867650e-01, 887, 1, d, NA, novel non-match
103, 2, SUP, Left, 1, SpatialChangeDetection, 1, 35, 4, 7, [3 4 5 6 7 8 9], [1 41 81 121 161 201 241 281 320], [320 281 81 161 121 241 1], 1, 5, 121, 7, 1.399946e+00, 1400, 0, d, NA, match
103, 2, SUP, Left, 1, SpatialChangeDetection, 1, 36, 1, 1, 9, [1 41 81 121 161 201 241 281 320], 121, 1, 1, 121, 9, 5.537562e-01, 554, 1, s, NA, match
103, 2, SUP, Left, 1, SpatialChangeDetection, 1, 37, 1, 1, 1, [1 41 81 121 161 201 241 281 320], 241, 1, 1, 241, 1, 4.518139e-01, 452, 1, s, NA, match
103, 2, SUP, Left, 1, SpatialChangeDetection, 1, 38, 4, 7, [3 4 5 6 7 8 9], [1 41 81 121 161 201 241 281 320], [161 121 281 41 81 241 1], 2, 9, 320, 4, 7.653077e-01, 765, 1, d, NA, novel non-match
103, 2, SUP, Left, 1, SpatialChangeDetection, 1, 39, 3, 5, [5 6 7 8 9], [1 41 81 121 161 201 241 281 320], [201 320 241 1 281], 1, 3, 241, 7, 8.777840e-01, 878, 0, d, NA, match
103, 2, SUP, Left, 1, SpatialChangeDetection, 1, 40, 4, 7, [3 4 5 6 7 8 9], [1 41 81 121 161 201 241 281 320], [161 1 201 281 241 121 41], 2, 2, 1, 5, 1.679189e+00, 1679, 1, d, NA, lure
103, 2, SUP, Left, 1, SpatialChangeDetection, 1, 41, 2, 3, [3 4 5], [1 41 81 121 161 201 241 281 320], [161 81 41], 1, 3, 41, 5, 1.152106e+00, 1152, 1, s, NA, match
103, 2, SUP, Left, 1, SpatialChangeDetection, 1, 42, 1, 1, 8, [1 41 81 121 161 201 241 281 320], 241, 2, 9, 281, 8, 4.420690e-01, 442, 1, d, NA, novel non-match
103, 2, SUP, Left, 1, SpatialChangeDetection, 1, 43, 3, 5, [2 3 4 5 6], [1 41 81 121 161 201 241 281 320], [121 41 320 281 81], 2, 9, 161, 6, 6.749132e-01, 675, 1, d, NA, novel non-match
103, 2, SUP, Left, 1, SpatialChangeDetection, 1, 44, 4, 7, [1 2 3 4 5 6 7], [1 41 81 121 161 201 241 281 320], [201 320 1 161 41 81 241], 1, 3, 1, 3, 6.600109e-01, 660, 0, d, NA, match
103, 2, SUP, Left, 1, SpatialChangeDetection, 1, 45, 1, 1, 3, [1 41 81 121 161 201 241 281 320], 201, 2, 9, 121, 3, 6.299083e-01, 630, 1, d, NA, novel non-match
103, 2, SUP, Left, 1, SpatialChangeDetection, 1, 46, 1, 1, 5, [1 41 81 121 161 201 241 281 320], 320, 2, 9, 41, 5, 7.423347e-01, 742, 1, d, NA, novel non-match
103, 2, SUP, Left, 1, SpatialChangeDetection, 1, 47, 3, 5, [3 4 5 6 7], [1 41 81 121 161 201 241 281 320], [281 121 201 41 320], 2, 3, 201, 3, 9.202350e-01, 920, 1, d, NA, lure
103, 2, SUP, Left, 1, SpatialChangeDetection, 1, 48, 1, 1, 7, [1 41 81 121 161 201 241 281 320], 161, 1, 1, 161, 7, 6.091038e-01, 609, 1, s, NA, match
103, 2, SUP, Left, 1, SpatialChangeDetection, 1, 49, 2, 3, [1 2 3], [1 41 81 121 161 201 241 281 320], [281 201 121], 2, 2, 201, 3, 1.123802e+00, 1124, 0, s, NA, lure
103, 2, SUP, Left, 1, SpatialChangeDetection, 1, 50, 3, 5, [2 3 4 5 6], [1 41 81 121 161 201 241 281 320], [121 281 41 1 241], 2, 9, 201, 3, 9.083413e-01, 908, 1, d, NA, novel non-match
103, 2, SUP, Left, 1, SpatialChangeDetection, 1, 51, 2, 3, [2 3 4], [1 41 81 121 161 201 241 281 320], [41 320 201], 1, 3, 201, 4, 7.573754e-01, 757, 1, s, NA, match
103, 2, SUP, Left, 1, SpatialChangeDetection, 1, 52, 1, 1, 5, [1 41 81 121 161 201 241 281 320], 41, 1, 1, 41, 5, 4.792072e-01, 479, 1, s, NA, match
103, 2, SUP, Left, 1, SpatialChangeDetection, 1, 53, 2, 3, [2 3 4], [1 41 81 121 161 201 241 281 320], [1 81 201], 2, 1, 1, 4, 9.051261e-01, 905, 1, d, NA, lure
103, 2, SUP, Left, 1, SpatialChangeDetection, 1, 54, 1, 1, 6, [1 41 81 121 161 201 241 281 320], 241, 2, 9, 320, 6, 6.898889e-01, 690, 1, d, NA, novel non-match
103, 2, SUP, Left, 1, SpatialChangeDetection, 1, 55, 4, 7, [2 3 4 5 6 7 8], [1 41 81 121 161 201 241 281 320], [1 41 320 241 161 121 81], 2, 9, 201, 7, 9.473221e-01, 947, 1, d, NA, novel non-match
103, 2, SUP, Left, 1, SpatialChangeDetection, 1, 56, 3, 5, [1 2 3 4 5], [1 41 81 121 161 201 241 281 320], [41 241 161 81 201], 2, 3, 161, 5, 8.999144e-01, 900, 0, s, NA, lure
103, 2, SUP, Left, 1, SpatialChangeDetection, 1, 57, 3, 5, [5 6 7 8 9], [1 41 81 121 161 201 241 281 320], [121 241 320 1 41], 1, 5, 41, 9, 6.385754e-01, 639, 1, s, NA, match
103, 2, SUP, Left, 1, SpatialChangeDetection, 1, 58, 4, 7, [3 4 5 6 7 8 9], [1 41 81 121 161 201 241 281 320], [41 161 281 121 81 241 1], 2, 2, 161, 7, 1.079854e+00, 1080, 1, d, NA, lure
103, 2, SUP, Left, 1, SpatialChangeDetection, 1, 59, 4, 7, [3 4 5 6 7 8 9], [1 41 81 121 161 201 241 281 320], [81 121 201 161 320 241 1], 2, 6, 241, 4, 8.814562e-01, 881, 1, d, NA, lure
103, 2, SUP, Left, 1, SpatialChangeDetection, 1, 60, 2, 3, [7 8 9], [1 41 81 121 161 201 241 281 320], [201 81 241], 1, 1, 201, 7, 8.743212e-01, 874, 1, s, NA, match
103, 2, SUP, Left, 1, SpatialChangeDetection, 1, 61, 1, 1, 1, [1 41 81 121 161 201 241 281 320], 320, 2, 9, 161, 1, 5.550548e-01, 555, 1, d, NA, novel non-match
103, 2, SUP, Left, 1, SpatialChangeDetection, 1, 62, 3, 5, [5 6 7 8 9], [1 41 81 121 161 201 241 281 320], [161 1 241 81 41], 1, 3, 241, 7, 1.060653e+00, 1061, 0, d, NA, match
103, 2, SUP, Left, 1, SpatialChangeDetection, 1, 63, 2, 3, [6 7 8], [1 41 81 121 161 201 241 281 320], [201 41 281], 1, 1, 201, 6, 7.338550e-01, 734, 1, s, NA, match
103, 2, SUP, Left, 1, SpatialChangeDetection, 1, 64, 1, 1, 7, [1 41 81 121 161 201 241 281 320], 1, 1, 1, 1, 7, 5.032723e-01, 503, 1, s, NA, match
103, 2, SUP, Left, 1, SpatialChangeDetection, 1, 65, 4, 7, [1 2 3 4 5 6 7], [1 41 81 121 161 201 241 281 320], [81 241 121 201 161 281 320], 1, 1, 81, 1, 7.606739e-01, 761, 1, s, NA, match
103, 2, SUP, Left, 1, SpatialChangeDetection, 1, 66, 1, 1, 9, [1 41 81 121 161 201 241 281 320], 81, 2, 9, 121, 9, 7.379604e-01, 738, 1, d, NA, novel non-match
103, 2, SUP, Left, 1, SpatialChangeDetection, 1, 67, 2, 3, [6 7 8], [1 41 81 121 161 201 241 281 320], [241 320 161], 1, 3, 161, 8, 6.104900e-01, 610, 1, s, NA, match
103, 2, SUP, Left, 1, SpatialChangeDetection, 1, 68, 3, 5, [1 2 3 4 5], [1 41 81 121 161 201 241 281 320], [121 41 201 281 161], 1, 3, 201, 3, 8.365322e-01, 837, 0, d, NA, match
103, 2, SUP, Left, 1, SpatialChangeDetection, 1, 69, 2, 3, [2 3 4], [1 41 81 121 161 201 241 281 320], [81 320 241], 1, 3, 241, 4, 7.421131e-01, 742, 1, s, NA, match
103, 2, SUP, Left, 1, SpatialChangeDetection, 1, 70, 2, 3, [5 6 7], [1 41 81 121 161 201 241 281 320], [81 41 241], 1, 2, 41, 6, 9.349170e-01, 935, 1, s, NA, match
103, 2, SUP, Left, 1, SpatialChangeDetection, 1, 71, 2, 3, [4 5 6], [1 41 81 121 161 201 241 281 320], [41 241 1], 1, 2, 241, 5, 7.128098e-01, 713, 1, s, NA, match
103, 2, SUP, Left, 1, SpatialChangeDetection, 1, 72, 1, 1, 8, [1 41 81 121 161 201 241 281 320], 121, 1, 1, 121, 8, 6.178029e-01, 618, 1, s, NA, match
103, 2, SUP, Left, 2, Precision, 2, 1, 4, 7, [3 4 5 6 7 8 9], [17 133 21 183 142 257 158], [183 21 257 17 133 158 142], 99, 2, 21, 4, 2.173358e+00, 2173, 157, 178, 157, NA
103, 2, SUP, Left, 2, Precision, 2, 2, 1, 1, 1, 255, 255, 99, 1, 255, 1, 1.230424e+00, 1230, 17, 272, 17, NA
103, 2, SUP, Left, 2, Precision, 2, 3, 4, 7, [3 4 5 6 7 8 9], [227 14 324 259 359 24 326], [259 324 14 359 326 227 24], 99, 5, 326, 7, 3.511371e+00, 3511, 58, 268, -58, NA
103, 2, SUP, Left, 2, Precision, 2, 4, 2, 3, [4 5 6], [24 217 51], [51 24 217], 99, 2, 24, 5, 1.952774e+00, 1953, 2, 22, -2, NA
103, 2, SUP, Left, 2, Precision, 2, 5, 2, 3, [1 2 3], [99 176 75], [99 75 176], 99, 3, 176, 3, 1.641334e+00, 1641, 32, 208, 32, NA
103, 2, SUP, Left, 2, Precision, 2, 6, 1, 1, 8, 149, 149, 99, 1, 149, 8, 1.578615e+00, 1579, 0, 149, 0, NA
103, 2, SUP, Left, 2, Precision, 2, 7, 4, 7, [1 2 3 4 5 6 7], [10 146 58 209 293 282 312], [209 10 58 312 293 146 282], 99, 4, 312, 4, 3.652446e+00, 3652, 27, 285, -27, NA
103, 2, SUP, Left, 2, Precision, 2, 8, 2, 3, [1 2 3], [296 237 347], [347 237 296], 99, 1, 347, 1, 1.812811e+00, 1813, 13, 360, 13, NA
103, 2, SUP, Left, 2, Precision, 2, 9, 2, 3, [6 7 8], [31 223 46], [46 223 31], 99, 2, 223, 7, 1.845379e+00, 1845, 7, 230, 7, NA
103, 2, SUP, Left, 2, Precision, 2, 10, 3, 5, [3 4 5 6 7], [243 303 344 271 9], [344 9 271 243 303], 99, 3, 271, 5, 2.462893e+00, 2463, 68, 339, 68, NA
103, 2, SUP, Left, 2, Precision, 2, 11, 4, 7, [2 3 4 5 6 7 8], [253 61 112 30 38 296 286], [253 296 38 112 30 286 61], 99, 4, 112, 5, 3.760290e+00, 3760, 147, 325, -147, NA
103, 2, SUP, Left, 2, Precision, 2, 12, 4, 7, [2 3 4 5 6 7 8], [82 239 56 5 95 254 121], [95 56 254 121 239 82 5], 99, 3, 254, 4, 1.786479e+00, 1786, 17, 237, -17, NA
103, 2, SUP, Left, 2, Precision, 2, 13, 1, 1, 9, 259, 259, 99, 1, 259, 9, 2.779411e+00, 2779, 10, 269, 10, NA
103, 2, SUP, Left, 2, Precision, 2, 14, 3, 5, [1 2 3 4 5], [147 218 325 254 332], [254 218 325 147 332], 99, 5, 332, 5, 2.356636e+00, 2357, 44, 288, -44, NA
103, 2, SUP, Left, 2, Precision, 2, 15, 4, 7, [2 3 4 5 6 7 8], [227 320 346 10 281 195 324], [10 346 281 320 324 195 227], 99, 7, 227, 8, 4.000976e+00, Time-out, 22, 249, 22, NA
103, 2, SUP, Left, 2, Precision, 2, 16, 1, 1, 9, 35, 35, 99, 1, 35, 9, 1.782955e+00, 1783, 3, 32, -3, NA
103, 2, SUP, Left, 2, Precision, 2, 17, 4, 7, [3 4 5 6 7 8 9], [280 322 306 205 351 286 354], [205 286 322 280 306 351 354], 99, 5, 306, 7, 1.855334e+00, 1855, 37, 343, 37, NA
103, 2, SUP, Left, 2, Precision, 2, 18, 2, 3, [2 3 4], [330 234 102], [330 102 234], 99, 1, 330, 2, 1.648928e+00, 1649, 21, 309, -21, NA
103, 2, SUP, Left, 2, Precision, 2, 19, 1, 1, 2, 262, 262, 99, 1, 262, 2, 1.338006e+00, 1338, 8, 270, 8, NA
103, 2, SUP, Left, 2, Precision, 2, 20, 3, 5, [1 2 3 4 5], [82 14 97 184 256], [97 256 82 184 14], 99, 3, 82, 3, 1.899042e+00, 1899, 40, 42, -40, NA
103, 2, SUP, Left, 2, Precision, 2, 21, 3, 5, [1 2 3 4 5], [333 249 140 77 259], [333 259 140 77 249], 99, 3, 140, 3, 1.459174e+00, 1459, 33, 107, -33, NA
103, 2, SUP, Left, 2, Precision, 2, 22, 2, 3, [3 4 5], [96 56 254], [254 96 56], 99, 1, 254, 3, 1.964242e+00, 1964, 3, 257, 3, NA
103, 2, SUP, Left, 2, Precision, 2, 23, 4, 7, [3 4 5 6 7 8 9], [233 282 154 242 314 276 208], [233 282 242 276 208 314 154], 99, 4, 276, 6, 2.005005e+00, 2005, 9, 285, 9, NA
103, 2, SUP, Left, 2, Precision, 2, 24, 4, 7, [3 4 5 6 7 8 9], [125 2 5 263 38 289 202], [263 202 5 2 125 289 38], 99, 6, 289, 8, 1.406544e+00, 1407, 4, 285, -4, NA
103, 2, SUP, Left, 2, Precision, 2, 25, 3, 5, [3 4 5 6 7], [244 159 104 333 46], [46 159 104 244 333], 99, 5, 333, 7, 2.735605e+00, 2736, 32, 301, -32, NA
103, 2, SUP, Left, 2, Precision, 2, 26, 4, 7, [1 2 3 4 5 6 7], [118 338 154 49 22 279 227], [279 227 49 118 154 22 338], 99, 7, 338, 7, 1.960766e+00, 1961, 0, 338, 0, NA
103, 2, SUP, Left, 2, Precision, 2, 27, 4, 7, [1 2 3 4 5 6 7], [15 132 324 344 339 191 254], [254 132 344 324 191 339 15], 99, 1, 254, 1, 2.346660e+00, 2347, 1, 255, 1, NA
103, 2, SUP, Left, 2, Precision, 2, 28, 2, 3, [5 6 7], [327 346 253], [327 346 253], 99, 3, 253, 7, 1.699593e+00, 1700, 7, 260, 7, NA
103, 2, SUP, Left, 2, Precision, 2, 29, 3, 5, [5 6 7 8 9], [73 191 55 4 30], [4 55 73 191 30], 99, 1, 4, 5, 4.001070e+00, Time-out, 1, 5, 1, NA
103, 2, SUP, Left, 2, Precision, 2, 30, 3, 5, [1 2 3 4 5], [100 10 242 23 228], [10 228 100 23 242], 99, 5, 242, 5, 1.973611e+00, 1974, 0, 242, 0, NA
103, 2, SUP, Left, 2, Precision, 2, 31, 1, 1, 3, 17, 17, 99, 1, 17, 3, 2.022675e+00, 2023, 2, 19, 2, NA
103, 2, SUP, Left, 2, Precision, 2, 32, 2, 3, [7 8 9], [52 129 236], [236 129 52], 99, 3, 52, 9, 1.751740e+00, 1752, 12, 40, -12, NA
103, 2, SUP, Left, 2, Precision, 2, 33, 2, 3, [6 7 8], [79 132 157], [79 132 157], 99, 1, 79, 6, 1.952539e+00, 1953, 25, 54, -25, NA
103, 2, SUP, Left, 2, Precision, 2, 34, 2, 3, [5 6 7], [247 92 282], [92 282 247], 99, 2, 282, 6, 1.858528e+00, 1859, 9, 273, -9, NA
103, 2, SUP, Left, 2, Precision, 2, 35, 2, 3, [5 6 7], [324 332 23], [23 324 332], 99, 2, 324, 6, 2.194717e+00, 2195, 32, 292, -32, NA
103, 2, SUP, Left, 2, Precision, 2, 36, 2, 3, [7 8 9], [349 222 83], [83 349 222], 99, 2, 349, 8, 3.027904e+00, 3028, 19, 330, -19, NA
103, 2, SUP, Left, 2, Precision, 2, 37, 1, 1, 2, 294, 294, 99, 1, 294, 2, 2.437652e+00, 2438, 34, 328, 34, NA
103, 2, SUP, Left, 2, Precision, 2, 38, 1, 1, 6, 142, 142, 99, 1, 142, 6, 1.981439e+00, 1981, 7, 135, -7, NA
103, 2, SUP, Left, 2, Precision, 2, 39, 3, 5, [5 6 7 8 9], [225 356 83 249 239], [225 249 83 239 356], 99, 1, 225, 5, 2.222696e+00, 2223, 169, 34, 169, NA
103, 2, SUP, Left, 2, Precision, 2, 40, 3, 5, [1 2 3 4 5], [300 113 240 4 227], [300 113 227 240 4], 99, 3, 227, 3, 1.648106e+00, 1648, 13, 214, -13, NA
103, 2, SUP, Left, 2, Precision, 2, 41, 3, 5, [4 5 6 7 8], [23 278 186 240 51], [278 186 23 51 240], 99, 5, 240, 8, 1.696232e+00, 1696, 1, 239, -1, NA
103, 2, SUP, Left, 2, Precision, 2, 42, 4, 7, [1 2 3 4 5 6 7], [203 359 326 126 177 31 173], [326 173 177 31 359 126 203], 99, 7, 203, 7, 1.658192e+00, 1658, 35, 238, 35, NA
103, 2, SUP, Left, 2, Precision, 2, 43, 3, 5, [3 4 5 6 7], [9 171 78 359 320], [171 320 9 359 78], 99, 5, 78, 7, 2.730801e+00, 2731, 10, 68, -10, NA
103, 2, SUP, Left, 2, Precision, 2, 44, 1, 1, 8, 42, 42, 99, 1, 42, 8, 2.363512e+00, 2364, 3, 39, -3, NA
103, 2, SUP, Left, 2, Precision, 2, 45, 4, 7, [3 4 5 6 7 8 9], [264 43 259 14 234 300 138], [300 259 264 234 14 138 43], 99, 1, 300, 3, 1.885470e+00, 1885, 1, 299, -1, NA
103, 2, SUP, Left, 2, Precision, 2, 46, 1, 1, 1, 298, 298, 99, 1, 298, 1, 1.773678e+00, 1774, 5, 293, -5, NA
103, 2, SUP, Left, 2, Precision, 2, 47, 1, 1, 1, 67, 67, 99, 1, 67, 1, 1.613967e+00, 1614, 11, 56, -11, NA
103, 2, SUP, Left, 2, Precision, 2, 48, 3, 5, [2 3 4 5 6], [265 196 248 75 29], [265 248 75 196 29], 99, 2, 248, 3, 1.526934e+00, 1527, 6, 242, -6, NA
103, 2, SUP, Left, 2, Precision, 2, 49, 3, 5, [2 3 4 5 6], [302 116 267 316 352], [352 267 316 116 302], 99, 1, 352, 2, 1.687744e+00, 1688, 5, 357, 5, NA
103, 2, SUP, Left, 2, Precision, 2, 50, 1, 1, 3, 67, 67, 99, 1, 67, 3, 1.521117e+00, 1521, 20, 47, -20, NA
103, 2, SUP, Left, 2, Precision, 2, 51, 4, 7, [3 4 5 6 7 8 9], [7 135 350 275 65 84 205], [205 65 7 135 350 84 275], 99, 5, 350, 7, 2.073680e+00, 2074, 73, 63, 73, NA
103, 2, SUP, Left, 2, Precision, 2, 52, 2, 3, [1 2 3], [301 339 264], [301 339 264], 99, 1, 301, 1, 1.867719e+00, 1868, -9338, 9999, NoResp, NA
103, 2, SUP, Left, 2, Precision, 2, 53, 2, 3, [1 2 3], [222 329 359], [329 222 359], 99, 1, 329, 1, 2.147473e+00, 2147, 20, 309, -20, NA
103, 2, SUP, Left, 2, Precision, 2, 54, 3, 5, [5 6 7 8 9], [120 224 161 172 351], [120 172 224 161 351], 99, 1, 120, 5, 2.901036e+00, 2901, 142, 338, -142, NA
103, 2, SUP, Left, 2, Precision, 2, 55, 4, 7, [3 4 5 6 7 8 9], [157 221 61 335 32 305 18], [221 61 305 18 335 32 157], 99, 4, 18, 6, 2.092650e+00, 2093, 8, 26, 8, NA
103, 2, SUP, Left, 2, Precision, 2, 56, 1, 1, 1, 224, 224, 99, 1, 224, 1, 1.999019e+00, 1999, 3, 227, 3, NA
103, 2, SUP, Left, 2, Precision, 2, 57, 1, 1, 8, 117, 117, 99, 1, 117, 8, 2.487235e+00, 2487, 15, 102, -15, NA
103, 2, SUP, Left, 2, Precision, 2, 58, 2, 3, [2 3 4], [269 45 190], [269 45 190], 99, 1, 269, 2, 2.127397e+00, 2127, 2, 267, -2, NA
103, 2, SUP, Left, 2, Precision, 2, 59, 2, 3, [6 7 8], [43 257 151], [151 257 43], 99, 2, 257, 7, 2.464733e+00, 2465, 22, 279, 22, NA
103, 2, SUP, Left, 2, Precision, 2, 60, 1, 1, 6, 268, 268, 99, 1, 268, 6, 1.498579e+00, 1499, 5, 273, 5, NA
103, 2, SUP, Left, 2, Precision, 2, 61, 3, 5, [3 4 5 6 7], [70 15 43 307 124], [124 70 43 307 15], 99, 4, 307, 6, 1.923242e+00, 1923, 27, 280, -27, NA
103, 2, SUP, Left, 2, Precision, 2, 62, 3, 5, [5 6 7 8 9], [233 108 206 344 12], [233 344 12 108 206], 99, 3, 12, 7, 2.691532e+00, 2692, 16, 28, 16, NA
103, 2, SUP, Left, 2, Precision, 2, 63, 1, 1, 7, 246, 246, 99, 1, 246, 7, 1.741532e+00, 1742, 10, 256, 10, NA
103, 2, SUP, Left, 2, Precision, 2, 64, 1, 1, 6, 343, 343, 99, 1, 343, 6, 1.790733e+00, 1791, 8, 351, 8, NA
103, 2, SUP, Left, 2, Precision, 2, 65, 3, 5, [3 4 5 6 7], [25 138 309 68 298], [309 138 68 298 25], 99, 1, 309, 3, 2.807605e+00, 2808, 27, 336, 27, NA
103, 2, SUP, Left, 2, Precision, 2, 66, 3, 5, [2 3 4 5 6], [144 186 254 185 307], [144 186 254 307 185], 99, 1, 144, 2, 1.896747e+00, 1897, 4, 148, 4, NA
103, 2, SUP, Left, 2, Precision, 2, 67, 1, 1, 4, 316, 316, 99, 1, 316, 4, 1.138792e+00, 1139, 9, 325, 9, NA
103, 2, SUP, Left, 2, Precision, 2, 68, 2, 3, [1 2 3], [160 39 230], [39 160 230], 99, 2, 160, 2, 1.636009e+00, 1636, 39, 199, 39, NA
103, 2, SUP, Left, 2, Precision, 2, 69, 2, 3, [7 8 9], [214 254 28], [254 28 214], 99, 1, 254, 7, 1.812220e+00, 1812, 1, 253, -1, NA
103, 2, SUP, Left, 2, Precision, 2, 70, 4, 7, [2 3 4 5 6 7 8], [170 230 341 5 347 252 209], [170 341 252 230 347 209 5], 99, 5, 347, 6, 2.190388e+00, 2190, 104, 243, -104, NA
103, 2, SUP, Left, 2, Precision, 2, 71, 4, 7, [1 2 3 4 5 6 7], [346 156 131 55 64 65 186], [186 346 156 64 131 65 55], 99, 3, 156, 3, 1.855740e+00, 1856, 50, 206, 50, NA
103, 2, SUP, Left, 2, Precision, 2, 72, 4, 7, [3 4 5 6 7 8 9], [71 173 174 277 256 135 289], [256 174 173 135 289 277 71], 99, 5, 289, 7, 2.073071e+00, 2073, 77, 212, -77, NA
103, 2, SUP, Left, 1, SpatialChangeDetection, 3, 1, 2, 3, [3 4 5], [1 41 81 121 161 201 241 281 320], [281 121 81], 2, 9, 201, 4, 6.922912e-01, 692, 1, d, NA, novel non-match
103, 2, SUP, Left, 1, SpatialChangeDetection, 3, 2, 1, 1, 5, [1 41 81 121 161 201 241 281 320], 201, 2, 9, 121, 5, 4.619359e-01, 462, 1, d, NA, novel non-match
103, 2, SUP, Left, 1, SpatialChangeDetection, 3, 3, 3, 5, [1 2 3 4 5], [1 41 81 121 161 201 241 281 320], [320 1 201 121 81], 1, 1, 320, 1, 6.620762e-01, 662, 1, s, NA, match
103, 2, SUP, Left, 1, SpatialChangeDetection, 3, 4, 1, 1, 2, [1 41 81 121 161 201 241 281 320], 41, 2, 9, 81, 2, 7.282484e-01, 728, 1, d, NA, novel non-match
103, 2, SUP, Left, 1, SpatialChangeDetection, 3, 5, 2, 3, [5 6 7], [1 41 81 121 161 201 241 281 320], [161 320 121], 1, 2, 320, 6, 6.168455e-01, 617, 1, s, NA, match
103, 2, SUP, Left, 1, SpatialChangeDetection, 3, 6, 4, 7, [1 2 3 4 5 6 7], [1 41 81 121 161 201 241 281 320], [1 161 281 81 320 201 41], 1, 1, 1, 1, 5.471144e-01, 547, 1, s, NA, match
103, 2, SUP, Left, 1, SpatialChangeDetection, 3, 7, 4, 7, [1 2 3 4 5 6 7], [1 41 81 121 161 201 241 281 320], [281 1 241 161 81 41 201], 1, 6, 41, 6, 7.396534e-01, 740, 0, d, NA, match
103, 2, SUP, Left, 1, SpatialChangeDetection, 3, 8, 4, 7, [3 4 5 6 7 8 9], [1 41 81 121 161 201 241 281 320], [121 161 81 201 41 281 320], 2, 9, 1, 5, 1.037151e+00, 1037, 1, d, NA, novel non-match
103, 2, SUP, Left, 1, SpatialChangeDetection, 3, 9, 2, 3, [6 7 8], [1 41 81 121 161 201 241 281 320], [41 320 201], 2, 9, 161, 6, 7.826969e-01, 783, 1, d, NA, novel non-match
103, 2, SUP, Left, 1, SpatialChangeDetection, 3, 10, 3, 5, [3 4 5 6 7], [1 41 81 121 161 201 241 281 320], [81 161 1 121 241], 2, 9, 201, 4, 7.122840e-01, 712, 1, d, NA, novel non-match
103, 2, SUP, Left, 1, SpatialChangeDetection, 3, 11, 3, 5, [5 6 7 8 9], [1 41 81 121 161 201 241 281 320], [281 121 241 201 161], 2, 4, 201, 7, 1.241129e+00, 1241, 0, s, NA, lure
103, 2, SUP, Left, 1, SpatialChangeDetection, 3, 12, 1, 1, 9, [1 41 81 121 161 201 241 281 320], 41, 1, 1, 41, 9, 5.540976e-01, 554, 1, s, NA, match
103, 2, SUP, Left, 1, SpatialChangeDetection, 3, 13, 1, 1, 1, [1 41 81 121 161 201 241 281 320], 1, 1, 1, 1, 1, 4.030822e-01, 403, 1, s, NA, match
103, 2, SUP, Left, 1, SpatialChangeDetection, 3, 14, 1, 1, 7, [1 41 81 121 161 201 241 281 320], 320, 1, 1, 320, 7, 4.613019e-01, 461, 1, s, NA, match
103, 2, SUP, Left, 1, SpatialChangeDetection, 3, 15, 4, 7, [2 3 4 5 6 7 8], [1 41 81 121 161 201 241 281 320], [281 81 201 320 41 121 161], 2, 9, 1, 6, 8.075837e-01, 808, 1, d, NA, novel non-match
103, 2, SUP, Left, 1, SpatialChangeDetection, 3, 16, 4, 7, [2 3 4 5 6 7 8], [1 41 81 121 161 201 241 281 320], [41 241 1 320 121 281 201], 1, 4, 320, 5, 9.445550e-01, 945, 0, d, NA, match
103, 2, SUP, Left, 1, SpatialChangeDetection, 3, 17, 3, 5, [1 2 3 4 5], [1 41 81 121 161 201 241 281 320], [121 41 201 320 81], 1, 1, 121, 1, 7.214217e-01, 721, 1, s, NA, match
103, 2, SUP, Left, 1, SpatialChangeDetection, 3, 18, 2, 3, [1 2 3], [1 41 81 121 161 201 241 281 320], [320 161 121], 1, 1, 320, 1, 5.224435e-01, 522, 1, s, NA, match
103, 2, SUP, Left, 1, SpatialChangeDetection, 3, 19, 4, 7, [3 4 5 6 7 8 9], [1 41 81 121 161 201 241 281 320], [161 41 121 81 241 320 1], 1, 3, 121, 5, 1.035965e+00, 1036, 0, d, NA, match
103, 2, SUP, Left, 1, SpatialChangeDetection, 3, 20, 4, 7, [2 3 4 5 6 7 8], [1 41 81 121 161 201 241 281 320], [1 81 241 201 320 121 281], 1, 4, 201, 5, 7.094604e-01, 709, 0, d, NA, match
103, 2, SUP, Left, 1, SpatialChangeDetection, 3, 21, 3, 5, [3 4 5 6 7], [1 41 81 121 161 201 241 281 320], [41 81 161 121 320], 1, 5, 320, 7, 6.869215e-01, 687, 1, s, NA, match
103, 2, SUP, Left, 1, SpatialChangeDetection, 3, 22, 1, 1, 7, [1 41 81 121 161 201 241 281 320], 201, 1, 1, 201, 7, 5.204902e-01, 520, 1, s, NA, match
103, 2, SUP, Left, 1, SpatialChangeDetection, 3, 23, 4, 7, [2 3 4 5 6 7 8], [1 41 81 121 161 201 241 281 320], [161 41 81 201 121 320 1], 2, 9, 241, 5, 7.128875e-01, 713, 1, d, NA, novel non-match
103, 2, SUP, Left, 1, SpatialChangeDetection, 3, 24, 4, 7, [1 2 3 4 5 6 7], [1 41 81 121 161 201 241 281 320], [241 201 1 320 281 41 161], 2, 3, 1, 7, 8.346645e-01, 835, 1, d, NA, lure
103, 2, SUP, Left, 1, SpatialChangeDetection, 3, 25, 1, 1, 4, [1 41 81 121 161 201 241 281 320], 281, 2, 9, 41, 4, 6.202932e-01, 620, 1, d, NA, novel non-match
103, 2, SUP, Left, 1, SpatialChangeDetection, 3, 26, 1, 1, 2, [1 41 81 121 161 201 241 281 320], 121, 1, 1, 121, 2, 8.768246e-01, 877, 1, s, NA, match
103, 2, SUP, Left, 1, SpatialChangeDetection, 3, 27, 2, 3, [6 7 8], [1 41 81 121 161 201 241 281 320], [81 201 41], 2, 3, 41, 7, 1.006963e+00, 1007, 1, d, NA, lure
103, 2, SUP, Left, 1, SpatialChangeDetection, 3, 28, 2, 3, [1 2 3], [1 41 81 121 161 201 241 281 320], [201 41 81], 1, 3, 81, 3, 1.167707e+00, 1168, 1, s, NA, match
103, 2, SUP, Left, 1, SpatialChangeDetection, 3, 29, 2, 3, [3 4 5], [1 41 81 121 161 201 241 281 320], [201 121 241], 1, 1, 201, 3, 8.577581e-01, 858, 0, d, NA, match
103, 2, SUP, Left, 1, SpatialChangeDetection, 3, 30, 3, 5, [4 5 6 7 8], [1 41 81 121 161 201 241 281 320], [81 320 281 1 241], 2, 9, 121, 5, 9.785738e-01, 979, 1, d, NA, novel non-match
103, 2, SUP, Left, 1, SpatialChangeDetection, 3, 31, 3, 5, [2 3 4 5 6], [1 41 81 121 161 201 241 281 320], [161 121 281 241 320], 2, 9, 1, 5, 7.002122e-01, 700, 1, d, NA, novel non-match
103, 2, SUP, Left, 1, SpatialChangeDetection, 3, 32, 3, 5, [4 5 6 7 8], [1 41 81 121 161 201 241 281 320], [201 281 161 81 320], 1, 2, 281, 5, 8.048225e-01, 805, 0, d, NA, match
103, 2, SUP, Left, 1, SpatialChangeDetection, 3, 33, 4, 7, [3 4 5 6 7 8 9], [1 41 81 121 161 201 241 281 320], [121 320 81 201 1 281 241], 2, 4, 201, 8, 8.787976e-01, 879, 1, d, NA, lure
103, 2, SUP, Left, 1, SpatialChangeDetection, 3, 34, 4, 7, [1 2 3 4 5 6 7], [1 41 81 121 161 201 241 281 320], [121 161 41 201 320 241 1], 1, 5, 320, 5, 8.243406e-01, 824, 0, d, NA, match
103, 2, SUP, Left, 1, SpatialChangeDetection, 3, 35, 4, 7, [2 3 4 5 6 7 8], [1 41 81 121 161 201 241 281 320], [320 121 161 201 81 281 241], 2, 3, 161, 5, 6.019349e-01, 602, 0, s, NA, lure
103, 2, SUP, Left, 1, SpatialChangeDetection, 3, 36, 4, 7, [3 4 5 6 7 8 9], [1 41 81 121 161 201 241 281 320], [81 161 320 281 201 41 241], 2, 9, 121, 9, 6.905788e-01, 691, 1, d, NA, novel non-match
103, 2, SUP, Left, 1, SpatialChangeDetection, 3, 37, 2, 3, [2 3 4], [1 41 81 121 161 201 241 281 320], [201 81 320], 2, 1, 201, 4, 7.077574e-01, 708, 1, d, NA, lure
103, 2, SUP, Left, 1, SpatialChangeDetection, 3, 38, 1, 1, 5, [1 41 81 121 161 201 241 281 320], 320, 2, 9, 281, 5, 1.125432e+00, 1125, 1, d, NA, novel non-match
103, 2, SUP, Left, 1, SpatialChangeDetection, 3, 39, 3, 5, [2 3 4 5 6], [1 41 81 121 161 201 241 281 320], [161 81 241 201 121], 1, 1, 161, 2, 8.713535e-01, 871, 1, s, NA, match
103, 2, SUP, Left, 1, SpatialChangeDetection, 3, 40, 2, 3, [7 8 9], [1 41 81 121 161 201 241 281 320], [161 201 41], 2, 9, 121, 9, 9.701591e-01, 970, 1, d, NA, novel non-match
103, 2, SUP, Left, 1, SpatialChangeDetection, 3, 41, 1, 1, 5, [1 41 81 121 161 201 241 281 320], 121, 1, 1, 121, 5, 5.218087e-01, 522, 1, s, NA, match
103, 2, SUP, Left, 1, SpatialChangeDetection, 3, 42, 1, 1, 5, [1 41 81 121 161 201 241 281 320], 241, 2, 9, 1, 5, 8.663080e-01, 866, 1, d, NA, novel non-match
103, 2, SUP, Left, 1, SpatialChangeDetection, 3, 43, 4, 7, [2 3 4 5 6 7 8], [1 41 81 121 161 201 241 281 320], [41 121 81 201 241 320 281], 1, 2, 121, 3, 1.211835e+00, 1212, 0, d, NA, match
103, 2, SUP, Left, 1, SpatialChangeDetection, 3, 44, 3, 5, [1 2 3 4 5], [1 41 81 121 161 201 241 281 320], [281 320 201 41 241], 1, 4, 41, 4, 8.137888e-01, 814, 1, s, NA, match
103, 2, SUP, Left, 1, SpatialChangeDetection, 3, 45, 3, 5, [3 4 5 6 7], [1 41 81 121 161 201 241 281 320], [41 81 241 320 281], 2, 2, 81, 3, 7.898186e-01, 790, 1, d, NA, lure
103, 2, SUP, Left, 1, SpatialChangeDetection, 3, 46, 1, 1, 6, [1 41 81 121 161 201 241 281 320], 320, 2, 9, 121, 6, 5.995979e-01, 600, 1, d, NA, novel non-match
103, 2, SUP, Left, 1, SpatialChangeDetection, 3, 47, 2, 3, [6 7 8], [1 41 81 121 161 201 241 281 320], [41 320 81], 2, 2, 320, 6, 6.656084e-01, 666, 1, d, NA, lure
103, 2, SUP, Left, 1, SpatialChangeDetection, 3, 48, 4, 7, [3 4 5 6 7 8 9], [1 41 81 121 161 201 241 281 320], [81 41 121 320 281 1 201], 2, 5, 281, 4, 7.140408e-01, 714, 1, d, NA, lure
103, 2, SUP, Left, 1, SpatialChangeDetection, 3, 49, 2, 3, [6 7 8], [1 41 81 121 161 201 241 281 320], [121 1 41], 2, 9, 201, 8, 7.807755e-01, 781, 1, d, NA, novel non-match
103, 2, SUP, Left, 1, SpatialChangeDetection, 3, 50, 4, 7, [3 4 5 6 7 8 9], [1 41 81 121 161 201 241 281 320], [1 121 201 281 320 161 41], 1, 2, 121, 4, 7.736990e-01, 774, 0, d, NA, match
103, 2, SUP, Left, 1, SpatialChangeDetection, 3, 51, 2, 3, [2 3 4], [1 41 81 121 161 201 241 281 320], [161 320 1], 1, 3, 1, 4, 8.463795e-01, 846, 1, s, NA, match
103, 2, SUP, Left, 1, SpatialChangeDetection, 3, 52, 1, 1, 5, [1 41 81 121 161 201 241 281 320], 161, 1, 1, 161, 5, 4.162172e-01, 416, 1, s, NA, match
103, 2, SUP, Left, 1, SpatialChangeDetection, 3, 53, 2, 3, [6 7 8], [1 41 81 121 161 201 241 281 320], [81 281 1], 1, 1, 81, 6, 6.015050e-01, 602, 0, d, NA, match
103, 2, SUP, Left, 1, SpatialChangeDetection, 3, 54, 3, 5, [4 5 6 7 8], [1 41 81 121 161 201 241 281 320], [41 1 121 320 81], 1, 5, 81, 8, 5.462508e-01, 546, 1, s, NA, match
103, 2, SUP, Left, 1, SpatialChangeDetection, 3, 55, 1, 1, 9, [1 41 81 121 161 201 241 281 320], 320, 1, 1, 320, 9, 6.998690e-01, 700, 1, s, NA, match
103, 2, SUP, Left, 1, SpatialChangeDetection, 3, 56, 3, 5, [3 4 5 6 7], [1 41 81 121 161 201 241 281 320], [201 161 121 281 241], 2, 5, 241, 5, 6.928484e-01, 693, 1, d, NA, lure
103, 2, SUP, Left, 1, SpatialChangeDetection, 3, 57, 1, 1, 4, [1 41 81 121 161 201 241 281 320], 241, 1, 1, 241, 4, 5.669411e-01, 567, 1, s, NA, match
103, 2, SUP, Left, 1, SpatialChangeDetection, 3, 58, 3, 5, [1 2 3 4 5], [1 41 81 121 161 201 241 281 320], [121 201 161 320 1], 2, 5, 1, 3, 6.722714e-01, 672, 1, d, NA, lure
103, 2, SUP, Left, 1, SpatialChangeDetection, 3, 59, 3, 5, [5 6 7 8 9], [1 41 81 121 161 201 241 281 320], [320 81 121 41 201], 2, 5, 201, 8, 8.494209e-01, 849, 1, d, NA, lure
103, 2, SUP, Left, 1, SpatialChangeDetection, 3, 60, 4, 7, [3 4 5 6 7 8 9], [1 41 81 121 161 201 241 281 320], [41 121 281 81 161 201 320], 2, 5, 161, 5, 6.906275e-01, 691, 1, d, NA, lure
103, 2, SUP, Left, 1, SpatialChangeDetection, 3, 61, 3, 5, [1 2 3 4 5], [1 41 81 121 161 201 241 281 320], [320 1 41 81 201], 2, 5, 201, 3, 9.794699e-01, 979, 1, d, NA, lure
103, 2, SUP, Left, 1, SpatialChangeDetection, 3, 62, 2, 3, [7 8 9], [1 41 81 121 161 201 241 281 320], [161 320 81], 2, 9, 281, 8, 8.616393e-01, 862, 1, d, NA, novel non-match
103, 2, SUP, Left, 1, SpatialChangeDetection, 3, 63, 1, 1, 2, [1 41 81 121 161 201 241 281 320], 41, 1, 1, 41, 2, 5.344521e-01, 534, 1, s, NA, match
103, 2, SUP, Left, 1, SpatialChangeDetection, 3, 64, 1, 1, 7, [1 41 81 121 161 201 241 281 320], 281, 2, 9, 201, 7, 5.834276e-01, 583, 1, d, NA, novel non-match
103, 2, SUP, Left, 1, SpatialChangeDetection, 3, 65, 1, 1, 3, [1 41 81 121 161 201 241 281 320], 81, 2, 9, 121, 3, 8.653679e-01, 865, 1, d, NA, novel non-match
103, 2, SUP, Left, 1, SpatialChangeDetection, 3, 66, 3, 5, [4 5 6 7 8], [1 41 81 121 161 201 241 281 320], [201 81 281 41 121], 2, 9, 241, 5, 8.747155e-01, 875, 1, d, NA, novel non-match
103, 2, SUP, Left, 1, SpatialChangeDetection, 3, 67, 2, 3, [5 6 7], [1 41 81 121 161 201 241 281 320], [161 1 41], 2, 9, 320, 6, 6.282031e-01, 628, 1, d, NA, novel non-match
103, 2, SUP, Left, 1, SpatialChangeDetection, 3, 68, 4, 7, [2 3 4 5 6 7 8], [1 41 81 121 161 201 241 281 320], [81 201 121 1 241 320 161], 2, 9, 281, 2, 8.050859e-01, 805, 1, d, NA, novel non-match
103, 2, SUP, Left, 1, SpatialChangeDetection, 3, 69, 2, 3, [2 3 4], [1 41 81 121 161 201 241 281 320], [41 81 121], 2, 9, 241, 3, 6.458551e-01, 646, 1, d, NA, novel non-match
103, 2, SUP, Left, 1, SpatialChangeDetection, 3, 70, 2, 3, [6 7 8], [1 41 81 121 161 201 241 281 320], [281 320 201], 2, 9, 241, 7, 7.195916e-01, 720, 1, d, NA, novel non-match
103, 2, SUP, Left, 1, SpatialChangeDetection, 3, 71, 2, 3, [7 8 9], [1 41 81 121 161 201 241 281 320], [121 81 281], 1, 1, 121, 7, 9.290239e-01, 929, 1, s, NA, match
103, 2, SUP, Left, 1, SpatialChangeDetection, 3, 72, 3, 5, [3 4 5 6 7], [1 41 81 121 161 201 241 281 320], [241 281 201 41 161], 2, 9, 1, 5, 6.828066e-01, 683, 1, d, NA, novel non-match
103, 2, SUP, Left, 2, Precision, 4, 1, 2, 3, [5 6 7], [16 115 18], [16 115 18], 99, 1, 16, 5, 1.974461e+00, 1974, 2, 14, -2, NA
103, 2, SUP, Left, 2, Precision, 4, 2, 3, 5, [3 4 5 6 7], [338 169 141 82 255], [338 255 141 82 169], 99, 3, 141, 5, 1.791319e+00, 1791, 79, 220, 79, NA
103, 2, SUP, Left, 2, Precision, 4, 3, 2, 3, [2 3 4], [85 191 189], [189 191 85], 99, 2, 191, 3, 1.953685e+00, 1954, 10, 201, 10, NA
103, 2, SUP, Left, 2, Precision, 4, 4, 3, 5, [5 6 7 8 9], [218 39 30 273 7], [273 39 30 7 218], 99, 1, 273, 5, 1.353672e+00, 1354, 14, 259, -14, NA
103, 2, SUP, Left, 2, Precision, 4, 5, 3, 5, [3 4 5 6 7], [155 107 228 81 109], [155 228 81 109 107], 99, 5, 107, 7, 3.347610e+00, 3348, 36, 143, 36, NA
103, 2, SUP, Left, 2, Precision, 4, 6, 1, 1, 8, 302, 302, 99, 1, 302, 8, 1.485022e+00, 1485, 11, 291, -11, NA
103, 2, SUP, Left, 2, Precision, 4, 7, 4, 7, [3 4 5 6 7 8 9], [205 352 321 216 178 331 110], [216 205 321 110 178 331 352], 99, 5, 178, 7, 2.316922e+00, 2317, 160, 338, 160, NA
103, 2, SUP, Left, 2, Precision, 4, 8, 1, 1, 6, 184, 184, 99, 1, 184, 6, 1.934053e+00, 1934, 19, 203, 19, NA
103, 2, SUP, Left, 2, Precision, 4, 9, 1, 1, 9, 181, 181, 99, 1, 181, 9, 1.262018e+00, 1262, 1, 180, -1, NA
103, 2, SUP, Left, 2, Precision, 4, 10, 4, 7, [1 2 3 4 5 6 7], [222 24 357 23 119 223 221], [119 221 223 357 222 23 24], 99, 3, 223, 3, 2.152452e+00, 2152, 51, 172, -51, NA
103, 2, SUP, Left, 2, Precision, 4, 11, 3, 5, [2 3 4 5 6], [324 333 131 313 63], [131 324 333 313 63], 99, 5, 63, 6, 1.945191e+00, 1945, 22, 85, 22, NA
103, 2, SUP, Left, 2, Precision, 4, 12, 4, 7, [1 2 3 4 5 6 7], [258 283 166 29 228 190 109], [29 166 228 190 258 109 283], 99, 3, 228, 3, 2.201852e+00, 2202, 81, 147, -81, NA
103, 2, SUP, Left, 2, Precision, 4, 13, 3, 5, [5 6 7 8 9], [9 44 354 217 139], [44 217 139 354 9], 99, 3, 139, 7, 1.562860e+00, 1563, 109, 30, -109, NA
103, 2, SUP, Left, 2, Precision, 4, 14, 4, 7, [1 2 3 4 5 6 7], [149 75 19 102 312 293 238], [102 75 149 238 293 312 19], 99, 7, 19, 7, 1.795921e+00, 1796, 3, 22, 3, NA
103, 2, SUP, Left, 2, Precision, 4, 15, 4, 7, [1 2 3 4 5 6 7], [321 163 329 129 100 117 279], [279 163 321 129 117 329 100], 99, 4, 129, 4, 1.757829e+00, 1758, 32, 97, -32, NA
103, 2, SUP, Left, 2, Precision, 4, 16, 2, 3, [2 3 4], [149 170 180], [170 180 149], 99, 1, 170, 2, 2.222723e+00, 2223, 13, 157, -13, NA
103, 2, SUP, Left, 2, Precision, 4, 17, 2, 3, [5 6 7], [148 168 188], [148 168 188], 99, 2, 168, 6, 2.272433e+00, 2272, 13, 181, 13, NA
103, 2, SUP, Left, 2, Precision, 4, 18, 1, 1, 2, 308, 308, 99, 1, 308, 2, 2.113347e+00, 2113, 11, 319, 11, NA
103, 2, SUP, Left, 2, Precision, 4, 19, 1, 1, 8, 315, 315, 99, 1, 315, 8, 2.698165e+00, 2698, 8, 323, 8, NA
103, 2, SUP, Left, 2, Precision, 4, 20, 4, 7, [1 2 3 4 5 6 7], [155 46 23 148 102 278 136], [278 148 23 155 102 136 46], 99, 6, 136, 6, 2.234783e+00, 2235, 100, 36, -100, NA
103, 2, SUP, Left, 2, Precision, 4, 21, 2, 3, [6 7 8], [233 121 54], [233 121 54], 99, 3, 54, 8, 1.796040e+00, 1796, 64, 118, 64, NA
103, 2, SUP, Left, 2, Precision, 4, 22, 3, 5, [2 3 4 5 6], [159 330 91 112 10], [330 159 112 91 10], 99, 5, 10, 6, 1.612895e+00, 1613, 2, 12, 2, NA
103, 2, SUP, Left, 2, Precision, 4, 23, 1, 1, 6, 334, 334, 99, 1, 334, 6, 1.871291e+00, 1871, 4, 338, 4, NA
103, 2, SUP, Left, 2, Precision, 4, 24, 3, 5, [1 2 3 4 5], [183 50 238 324 237], [324 237 50 183 238], 99, 5, 238, 5, 1.920464e+00, 1920, 3, 241, 3, NA
103, 2, SUP, Left, 2, Precision, 4, 25, 3, 5, [3 4 5 6 7], [351 241 311 320 64], [241 351 64 320 311], 99, 2, 351, 4, 2.129611e+00, 2130, 125, 226, -125, NA
103, 2, SUP, Left, 2, Precision, 4, 26, 1, 1, 3, 146, 146, 99, 1, 146, 3, 1.930825e+00, 1931, 3, 149, 3, NA
103, 2, SUP, Left, 2, Precision, 4, 27, 4, 7, [2 3 4 5 6 7 8], [334 26 108 75 142 148 210], [26 148 75 210 108 334 142], 99, 1, 26, 2, 1.924181e+00, 1924, 3, 23, -3, NA
103, 2, SUP, Left, 2, Precision, 4, 28, 4, 7, [3 4 5 6 7 8 9], [141 336 222 290 263 333 58], [141 290 263 333 336 222 58], 99, 2, 290, 4, 1.517521e+00, 1518, 15, 275, -15, NA
103, 2, SUP, Left, 2, Precision, 4, 29, 1, 1, 8, 186, 186, 99, 1, 186, 8, 2.062262e+00, 2062, 1, 185, -1, NA
103, 2, SUP, Left, 2, Precision, 4, 30, 3, 5, [4 5 6 7 8], [180 57 74 138 252], [138 74 57 252 180], 99, 2, 74, 5, 1.911683e+00, 1912, 130, 204, 130, NA
103, 2, SUP, Left, 2, Precision, 4, 31, 1, 1, 3, 80, 80, 99, 1, 80, 3, 1.512833e+00, 1513, 7, 73, -7, NA
103, 2, SUP, Left, 2, Precision, 4, 32, 1, 1, 3, 250, 250, 99, 1, 250, 3, 1.825859e+00, 1826, 8, 258, 8, NA
103, 2, SUP, Left, 2, Precision, 4, 33, 3, 5, [1 2 3 4 5], [310 139 316 200 198], [200 139 316 198 310], 99, 3, 316, 3, 2.315621e+00, 2316, 26, 290, -26, NA
103, 2, SUP, Left, 2, Precision, 4, 34, 2, 3, [6 7 8], [82 163 317], [163 82 317], 99, 1, 163, 6, 1.587996e+00, 1588, 35, 198, 35, NA
103, 2, SUP, Left, 2, Precision, 4, 35, 2, 3, [4 5 6], [114 231 312], [231 114 312], 99, 1, 231, 4, 1.389744e+00, 1390, 7, 238, 7, NA
103, 2, SUP, Left, 2, Precision, 4, 36, 2, 3, [7 8 9], [330 54 45], [45 330 54], 99, 2, 330, 8, 1.438779e+00, 1439, 4, 326, -4, NA
103, 2, SUP, Left, 2, Precision, 4, 37, 1, 1, 6, 146, 146, 99, 1, 146, 6, 1.344280e+00, 1344, 3, 149, 3, NA
103, 2, SUP, Left, 2, Precision, 4, 38, 3, 5, [2 3 4 5 6], [200 228 35 102 112], [102 200 112 35 228], 99, 2, 200, 3, 2.273491e+00, 2273, 50, 150, -50, NA
103, 2, SUP, Left, 2, Precision, 4, 39, 1, 1, 3, 285, 285, 99, 1, 285, 3, 1.498529e+00, 1499, 2, 287, 2, NA
103, 2, SUP, Left, 2, Precision, 4, 40, 3, 5, [1 2 3 4 5], [96 331 323 186 94], [186 323 94 331 96], 99, 3, 94, 3, 2.555399e+00, 2555, 8, 102, 8, NA
103, 2, SUP, Left, 2, Precision, 4, 41, 1, 1, 7, 254, 254, 99, 1, 254, 7, 1.340346e+00, 1340, 7, 261, 7, NA
103, 2, SUP, Left, 2, Precision, 4, 42, 4, 7, [2 3 4 5 6 7 8], [63 49 133 257 356 192 6], [49 356 63 192 6 133 257], 99, 6, 133, 7, 1.925508e+00, 1926, 94, 39, -94, NA
103, 2, SUP, Left, 2, Precision, 4, 43, 2, 3, [3 4 5], [52 48 54], [52 48 54], 99, 3, 54, 5, 1.831314e+00, 1831, 3, 57, 3, NA
103, 2, SUP, Left, 2, Precision, 4, 44, 4, 7, [1 2 3 4 5 6 7], [266 236 159 304 3 254 29], [3 266 29 254 304 159 236], 99, 5, 304, 5, 1.783688e+00, 1784, 76, 20, 76, NA
103, 2, SUP, Left, 2, Precision, 4, 45, 3, 5, [4 5 6 7 8], [142 235 200 334 29], [142 29 200 334 235], 99, 2, 29, 5, 1.912325e+00, 1912, 169, 220, -169, NA
103, 2, SUP, Left, 2, Precision, 4, 46, 2, 3, [7 8 9], [123 310 323], [310 123 323], 99, 1, 310, 7, 1.514216e+00, 1514, 17, 293, -17, NA
103, 2, SUP, Left, 2, Precision, 4, 47, 2, 3, [2 3 4], [97 37 273], [37 97 273], 99, 3, 273, 4, 1.826607e+00, 1827, 6, 267, -6, NA
103, 2, SUP, Left, 2, Precision, 4, 48, 2, 3, [6 7 8], [276 291 38], [291 276 38], 99, 3, 38, 8, 1.915599e+00, 1916, 16, 22, -16, NA
103, 2, SUP, Left, 2, Precision, 4, 49, 3, 5, [4 5 6 7 8], [157 92 319 11 150], [150 92 11 157 319], 99, 5, 319, 8, 2.356883e+00, 2357, 30, 289, -30, NA
103, 2, SUP, Left, 2, Precision, 4, 50, 2, 3, [4 5 6], [290 343 75], [75 290 343], 99, 3, 343, 6, 3.134349e+00, 3134, 3, 340, -3, NA
103, 2, SUP, Left, 2, Precision, 4, 51, 4, 7, [2 3 4 5 6 7 8], [31 254 194 210 202 137 132], [254 202 31 132 137 210 194], 99, 2, 202, 3, 2.246393e+00, 2246, 10, 212, 10, NA
103, 2, SUP, Left, 2, Precision, 4, 52, 3, 5, [5 6 7 8 9], [116 81 14 216 178], [178 14 216 81 116], 99, 4, 81, 8, 2.311792e+00, 2312, 92, 173, 92, NA
103, 2, SUP, Left, 2, Precision, 4, 53, 1, 1, 9, 55, 55, 99, 1, 55, 9, 1.146384e+00, 1146, 9, 46, -9, NA
103, 2, SUP, Left, 2, Precision, 4, 54, 4, 7, [3 4 5 6 7 8 9], [305 337 42 53 178 247 158], [178 42 337 158 247 53 305], 99, 3, 337, 5, 2.171149e+00, 2171, 116, 221, -116, NA
103, 2, SUP, Left, 2, Precision, 4, 55, 4, 7, [1 2 3 4 5 6 7], [82 312 45 118 291 210 115], [118 45 115 291 210 82 312], 99, 5, 210, 5, 2.444108e+00, 2444, 45, 255, 45, NA
103, 2, SUP, Left, 2, Precision, 4, 56, 2, 3, [6 7 8], [144 61 215], [215 61 144], 99, 1, 215, 6, 1.741503e+00, 1742, 6, 221, 6, NA
103, 2, SUP, Left, 2, Precision, 4, 57, 4, 7, [1 2 3 4 5 6 7], [156 151 112 220 312 92 231], [231 112 156 220 151 92 312], 99, 4, 220, 4, 2.550416e+00, 2550, 6, 214, -6, NA
103, 2, SUP, Left, 2, Precision, 4, 58, 4, 7, [1 2 3 4 5 6 7], [259 54 215 103 191 223 298], [259 215 191 223 298 54 103], 99, 2, 215, 2, 1.968060e+00, 1968, 60, 275, 60, NA
103, 2, SUP, Left, 2, Precision, 4, 59, 2, 3, [5 6 7], [160 101 32], [32 101 160], 99, 1, 32, 5, 1.905483e+00, 1905, 0, 32, 0, NA
103, 2, SUP, Left, 2, Precision, 4, 60, 1, 1, 4, 197, 197, 99, 1, 197, 4, 2.345673e+00, 2346, 6, 203, 6, NA
103, 2, SUP, Left, 2, Precision, 4, 61, 1, 1, 4, 236, 236, 99, 1, 236, 4, 1.369853e+00, 1370, 2, 238, 2, NA
103, 2, SUP, Left, 2, Precision, 4, 62, 1, 1, 4, 181, 181, 99, 1, 181, 4, 1.428193e+00, 1428, 2, 183, 2, NA
103, 2, SUP, Left, 2, Precision, 4, 63, 2, 3, [6 7 8], [80 219 89], [80 89 219], 99, 3, 219, 8, 2.356268e+00, 2356, 20, 239, 20, NA
103, 2, SUP, Left, 2, Precision, 4, 64, 4, 7, [1 2 3 4 5 6 7], [316 223 233 262 185 153 353], [153 223 233 262 185 353 316], 99, 4, 262, 4, 2.205696e+00, 2206, 20, 242, -20, NA
103, 2, SUP, Left, 2, Precision, 4, 65, 3, 5, [3 4 5 6 7], [232 240 134 287 358], [287 134 232 240 358], 99, 2, 134, 4, 2.775776e+00, 2776, 34, 100, -34, NA
103, 2, SUP, Left, 2, Precision, 4, 66, 2, 3, [4 5 6], [144 210 229], [210 229 144], 99, 2, 229, 5, 2.184905e+00, 2185, 9, 238, 9, NA
103, 2, SUP, Left, 2, Precision, 4, 67, 2, 3, [4 5 6], [262 345 195], [262 195 345], 99, 2, 195, 5, 1.849937e+00, 1850, 2, 197, 2, NA
103, 2, SUP, Left, 2, Precision, 4, 68, 4, 7, [2 3 4 5 6 7 8], [42 52 197 69 323 38 62], [38 323 69 62 197 42 52], 99, 2, 323, 3, 2.201204e+00, 2201, 17, 340, 17, NA
103, 2, SUP, Left, 2, Precision, 4, 69, 3, 5, [1 2 3 4 5], [318 343 272 247 252], [252 247 272 318 343], 99, 3, 272, 3, 4.000958e+00, Time-out, 36, 236, -36, NA
103, 2, SUP, Left, 2, Precision, 4, 70, 1, 1, 6, 243, 243, 99, 1, 243, 6, 1.804229e+00, 1804, 3, 240, -3, NA
103, 2, SUP, Left, 2, Precision, 4, 71, 3, 5, [5 6 7 8 9], [176 125 211 274 347], [176 211 274 125 347], 99, 3, 274, 7, 4.000305e+00, Time-out, 5, 269, -5, NA
103, 2, SUP, Left, 2, Precision, 4, 72, 4, 7, [3 4 5 6 7 8 9], [246 298 106 323 183 153 352], [323 246 153 352 298 183 106], 99, 3, 153, 5, 2.950994e+00, 2951, 123, 276, 123, NA
103, 2, SUP, Left, 1, SpatialChangeDetection, 5, 1, 2, 3, [7 8 9], [1 41 81 121 161 201 241 281 320], [121 41 201], 1, 3, 201, 9, 7.777268e-01, 778, 1, s, NA, match
103, 2, SUP, Left, 1, SpatialChangeDetection, 5, 2, 2, 3, [3 4 5], [1 41 81 121 161 201 241 281 320], [1 201 161], 2, 3, 161, 4, 1.315258e+00, 1315, 0, s, NA, lure
103, 2, SUP, Left, 1, SpatialChangeDetection, 5, 3, 4, 7, [3 4 5 6 7 8 9], [1 41 81 121 161 201 241 281 320], [41 320 241 161 1 81 121], 2, 9, 201, 5, 7.723771e-01, 772, 1, d, NA, novel non-match
103, 2, SUP, Left, 1, SpatialChangeDetection, 5, 4, 2, 3, [4 5 6], [1 41 81 121 161 201 241 281 320], [161 1 241], 2, 2, 1, 4, 9.093024e-01, 909, 1, d, NA, lure
103, 2, SUP, Left, 1, SpatialChangeDetection, 5, 5, 1, 1, 5, [1 41 81 121 161 201 241 281 320], 320, 2, 9, 1, 5, 4.712986e-01, 471, 1, d, NA, novel non-match
103, 2, SUP, Left, 1, SpatialChangeDetection, 5, 6, 1, 1, 1, [1 41 81 121 161 201 241 281 320], 81, 2, 9, 201, 1, 7.050834e-01, 705, 1, d, NA, novel non-match
103, 2, SUP, Left, 1, SpatialChangeDetection, 5, 7, 2, 3, [3 4 5], [1 41 81 121 161 201 241 281 320], [161 201 320], 2, 2, 201, 5, 8.582687e-01, 858, 1, d, NA, lure
103, 2, SUP, Left, 1, SpatialChangeDetection, 5, 8, 4, 7, [2 3 4 5 6 7 8], [1 41 81 121 161 201 241 281 320], [320 161 201 281 41 241 1], 2, 9, 121, 4, 8.991783e-01, 899, 1, d, NA, novel non-match
103, 2, SUP, Left, 1, SpatialChangeDetection, 5, 9, 3, 5, [5 6 7 8 9], [1 41 81 121 161 201 241 281 320], [281 161 241 121 201], 2, 3, 241, 5, 1.372977e+00, 1373, 1, d, NA, lure
103, 2, SUP, Left, 1, SpatialChangeDetection, 5, 10, 4, 7, [1 2 3 4 5 6 7], [1 41 81 121 161 201 241 281 320], [241 41 1 320 281 81 201], 2, 3, 1, 6, 1.086051e+00, 1086, 1, d, NA, lure
103, 2, SUP, Left, 1, SpatialChangeDetection, 5, 11, 2, 3, [4 5 6], [1 41 81 121 161 201 241 281 320], [281 41 1], 1, 3, 1, 6, 6.796324e-01, 680, 1, s, NA, match
103, 2, SUP, Left, 1, SpatialChangeDetection, 5, 12, 1, 1, 7, [1 41 81 121 161 201 241 281 320], 81, 2, 9, 1, 7, 5.051830e-01, 505, 1, d, NA, novel non-match
103, 2, SUP, Left, 1, SpatialChangeDetection, 5, 13, 3, 5, [4 5 6 7 8], [1 41 81 121 161 201 241 281 320], [320 161 1 41 201], 1, 3, 1, 6, 8.577880e-01, 858, 1, s, NA, match
103, 2, SUP, Left, 1, SpatialChangeDetection, 5, 14, 2, 3, [5 6 7], [1 41 81 121 161 201 241 281 320], [121 161 1], 2, 2, 161, 5, 7.946762e-01, 795, 1, d, NA, lure
103, 2, SUP, Left, 1, SpatialChangeDetection, 5, 15, 3, 5, [4 5 6 7 8], [1 41 81 121 161 201 241 281 320], [281 41 201 161 241], 1, 1, 281, 4, 7.169224e-01, 717, 1, s, NA, match
103, 2, SUP, Left, 1, SpatialChangeDetection, 5, 16, 2, 3, [1 2 3], [1 41 81 121 161 201 241 281 320], [281 201 121], 1, 2, 201, 2, 1.205867e+00, 1206, 1, s, NA, match
103, 2, SUP, Left, 1, SpatialChangeDetection, 5, 17, 4, 7, [3 4 5 6 7 8 9], [1 41 81 121 161 201 241 281 320], [81 320 281 241 121 1 161], 1, 5, 121, 7, 7.908152e-01, 791, 0, d, NA, match
103, 2, SUP, Left, 1, SpatialChangeDetection, 5, 18, 2, 3, [2 3 4], [1 41 81 121 161 201 241 281 320], [81 1 121], 1, 2, 1, 3, 6.735082e-01, 674, 0, d, NA, match
103, 2, SUP, Left, 1, SpatialChangeDetection, 5, 19, 1, 1, 2, [1 41 81 121 161 201 241 281 320], 320, 2, 9, 161, 2, 6.896606e-01, 690, 1, d, NA, novel non-match
103, 2, SUP, Left, 1, SpatialChangeDetection, 5, 20, 1, 1, 9, [1 41 81 121 161 201 241 281 320], 161, 1, 1, 161, 9, 4.036386e-01, 404, 1, s, NA, match
103, 2, SUP, Left, 1, SpatialChangeDetection, 5, 21, 2, 3, [5 6 7], [1 41 81 121 161 201 241 281 320], [161 281 241], 1, 1, 161, 5, 6.128753e-01, 613, 1, s, NA, match
103, 2, SUP, Left, 1, SpatialChangeDetection, 5, 22, 1, 1, 5, [1 41 81 121 161 201 241 281 320], 121, 2, 9, 1, 5, 5.900888e-01, 590, 1, d, NA, novel non-match
103, 2, SUP, Left, 1, SpatialChangeDetection, 5, 23, 3, 5, [1 2 3 4 5], [1 41 81 121 161 201 241 281 320], [201 121 320 1 81], 2, 9, 281, 4, 6.710920e-01, 671, 1, d, NA, novel non-match
103, 2, SUP, Left, 1, SpatialChangeDetection, 5, 24, 4, 7, [3 4 5 6 7 8 9], [1 41 81 121 161 201 241 281 320], [241 121 41 320 161 281 201], 1, 4, 320, 6, 9.368316e-01, 937, 0, d, NA, match
103, 2, SUP, Left, 1, SpatialChangeDetection, 5, 25, 4, 7, [3 4 5 6 7 8 9], [1 41 81 121 161 201 241 281 320], [320 121 241 81 1 41 161], 2, 2, 121, 9, 1.202020e+00, 1202, 1, d, NA, lure
103, 2, SUP, Left, 1, SpatialChangeDetection, 5, 26, 2, 3, [3 4 5], [1 41 81 121 161 201 241 281 320], [241 121 320], 1, 3, 320, 5, 6.508481e-01, 651, 1, s, NA, match
103, 2, SUP, Left, 1, SpatialChangeDetection, 5, 27, 4, 7, [2 3 4 5 6 7 8], [1 41 81 121 161 201 241 281 320], [320 81 41 241 201 1 161], 1, 5, 201, 6, 9.570173e-01, 957, 0, d, NA, match
103, 2, SUP, Left, 1, SpatialChangeDetection, 5, 28, 3, 5, [5 6 7 8 9], [1 41 81 121 161 201 241 281 320], [41 161 320 201 281], 1, 1, 41, 5, 1.029792e+00, 1030, 0, d, NA, match
103, 2, SUP, Left, 1, SpatialChangeDetection, 5, 29, 3, 5, [5 6 7 8 9], [1 41 81 121 161 201 241 281 320], [81 241 161 201 320], 2, 4, 201, 6, 7.678922e-01, 768, 1, d, NA, lure
103, 2, SUP, Left, 1, SpatialChangeDetection, 5, 30, 2, 3, [3 4 5], [1 41 81 121 161 201 241 281 320], [281 121 161], 2, 9, 81, 3, 9.442601e-01, 944, 1, d, NA, novel non-match
103, 2, SUP, Left, 1, SpatialChangeDetection, 5, 31, 2, 3, [4 5 6], [1 41 81 121 161 201 241 281 320], [161 320 81], 1, 3, 81, 6, 1.089349e+00, 1089, 1, s, NA, match
103, 2, SUP, Left, 1, SpatialChangeDetection, 5, 32, 1, 1, 8, [1 41 81 121 161 201 241 281 320], 41, 2, 9, 201, 8, 4.428139e-01, 443, 1, d, NA, novel non-match
103, 2, SUP, Left, 1, SpatialChangeDetection, 5, 33, 3, 5, [1 2 3 4 5], [1 41 81 121 161 201 241 281 320], [1 320 201 281 81], 1, 1, 1, 1, 6.839066e-01, 684, 1, s, NA, match
103, 2, SUP, Left, 1, SpatialChangeDetection, 5, 34, 1, 1, 2, [1 41 81 121 161 201 241 281 320], 241, 2, 9, 320, 2, 4.700360e-01, 470, 1, d, NA, novel non-match
103, 2, SUP, Left, 1, SpatialChangeDetection, 5, 35, 1, 1, 6, [1 41 81 121 161 201 241 281 320], 81, 2, 9, 121, 6, 6.234089e-01, 623, 1, d, NA, novel non-match
103, 2, SUP, Left, 1, SpatialChangeDetection, 5, 36, 4, 7, [2 3 4 5 6 7 8], [1 41 81 121 161 201 241 281 320], [241 201 81 41 320 161 121], 1, 1, 241, 2, 6.339965e-01, 634, 1, s, NA, match
103, 2, SUP, Left, 1, SpatialChangeDetection, 5, 37, 3, 5, [3 4 5 6 7], [1 41 81 121 161 201 241 281 320], [281 121 1 81 241], 1, 1, 281, 3, 5.539922e-01, 554, 1, s, NA, match
103, 2, SUP, Left, 1, SpatialChangeDetection, 5, 38, 2, 3, [4 5 6], [1 41 81 121 161 201 241 281 320], [81 241 281], 2, 2, 241, 6, 7.546379e-01, 755, 1, d, NA, lure
103, 2, SUP, Left, 1, SpatialChangeDetection, 5, 39, 4, 7, [2 3 4 5 6 7 8], [1 41 81 121 161 201 241 281 320], [81 121 1 320 161 241 201], 2, 9, 281, 6, 1.020860e+00, 1021, 0, s, NA, novel non-match
103, 2, SUP, Left, 1, SpatialChangeDetection, 5, 40, 2, 3, [1 2 3], [1 41 81 121 161 201 241 281 320], [161 320 41], 2, 9, 121, 2, 4.777870e-01, 478, 1, d, NA, novel non-match
103, 2, SUP, Left, 1, SpatialChangeDetection, 5, 41, 3, 5, [5 6 7 8 9], [1 41 81 121 161 201 241 281 320], [1 320 41 281 241], 2, 9, 121, 7, 7.111428e-01, 711, 1, d, NA, novel non-match
103, 2, SUP, Left, 1, SpatialChangeDetection, 5, 42, 3, 5, [5 6 7 8 9], [1 41 81 121 161 201 241 281 320], [320 81 281 201 41], 1, 5, 41, 9, 9.767624e-01, 977, 0, d, NA, match
103, 2, SUP, Left, 1, SpatialChangeDetection, 5, 43, 1, 1, 5, [1 41 81 121 161 201 241 281 320], 281, 1, 1, 281, 5, 4.334990e-01, 433, 0, d, NA, match
103, 2, SUP, Left, 1, SpatialChangeDetection, 5, 44, 4, 7, [1 2 3 4 5 6 7], [1 41 81 121 161 201 241 281 320], [281 241 320 161 201 41 81], 2, 2, 241, 7, 6.755029e-01, 676, 1, d, NA, lure
103, 2, SUP, Left, 1, SpatialChangeDetection, 5, 45, 4, 7, [3 4 5 6 7 8 9], [1 41 81 121 161 201 241 281 320], [41 201 281 121 81 241 161], 1, 4, 121, 6, 7.399949e-01, 740, 0, d, NA, match
103, 2, SUP, Left, 1, SpatialChangeDetection, 5, 46, 2, 3, [6 7 8], [1 41 81 121 161 201 241 281 320], [81 201 121], 1, 3, 121, 8, 6.938658e-01, 694, 1, s, NA, match
103, 2, SUP, Left, 1, SpatialChangeDetection, 5, 47, 3, 5, [2 3 4 5 6], [1 41 81 121 161 201 241 281 320], [281 81 161 41 201], 1, 1, 281, 2, 1.191524e+00, 1192, 1, s, NA, match
103, 2, SUP, Left, 1, SpatialChangeDetection, 5, 48, 3, 5, [3 4 5 6 7], [1 41 81 121 161 201 241 281 320], [320 81 201 281 121], 1, 5, 121, 7, 6.804621e-01, 680, 1, s, NA, match
103, 2, SUP, Left, 1, SpatialChangeDetection, 5, 49, 3, 5, [1 2 3 4 5], [1 41 81 121 161 201 241 281 320], [1 41 201 81 281], 2, 1, 1, 5, 7.855763e-01, 786, 1, d, NA, lure
103, 2, SUP, Left, 1, SpatialChangeDetection, 5, 50, 4, 7, [3 4 5 6 7 8 9], [1 41 81 121 161 201 241 281 320], [201 161 121 41 320 1 281], 2, 1, 201, 9, 7.951867e-01, 795, 1, d, NA, lure
103, 2, SUP, Left, 1, SpatialChangeDetection, 5, 51, 3, 5, [2 3 4 5 6], [1 41 81 121 161 201 241 281 320], [281 161 201 320 41], 1, 2, 161, 3, 1.124281e+00, 1124, 0, d, NA, match
103, 2, SUP, Left, 1, SpatialChangeDetection, 5, 52, 1, 1, 3, [1 41 81 121 161 201 241 281 320], 121, 1, 1, 121, 3, 6.218126e-01, 622, 1, s, NA, match
103, 2, SUP, Left, 1, SpatialChangeDetection, 5, 53, 4, 7, [3 4 5 6 7 8 9], [1 41 81 121 161 201 241 281 320], [121 281 41 1 241 201 320], 2, 4, 1, 5, 7.027435e-01, 703, 1, d, NA, lure
103, 2, SUP, Left, 1, SpatialChangeDetection, 5, 54, 1, 1, 4, [1 41 81 121 161 201 241 281 320], 121, 2, 9, 41, 4, 5.047384e-01, 505, 1, d, NA, novel non-match
103, 2, SUP, Left, 1, SpatialChangeDetection, 5, 55, 1, 1, 8, [1 41 81 121 161 201 241 281 320], 1, 2, 9, 41, 8, 5.699566e-01, 570, 1, d, NA, novel non-match
103, 2, SUP, Left, 1, SpatialChangeDetection, 5, 56, 2, 3, [6 7 8], [1 41 81 121 161 201 241 281 320], [241 320 161], 1, 3, 161, 8, 8.273454e-01, 827, 1, s, NA, match
103, 2, SUP, Left, 1, SpatialChangeDetection, 5, 57, 4, 7, [1 2 3 4 5 6 7], [1 41 81 121 161 201 241 281 320], [320 201 1 121 81 41 281], 2, 9, 241, 4, 7.891805e-01, 789, 1, d, NA, novel non-match
103, 2, SUP, Left, 1, SpatialChangeDetection, 5, 58, 1, 1, 6, [1 41 81 121 161 201 241 281 320], 81, 1, 1, 81, 6, 7.095749e-01, 710, 1, s, NA, match
103, 2, SUP, Left, 1, SpatialChangeDetection, 5, 59, 4, 7, [2 3 4 5 6 7 8], [1 41 81 121 161 201 241 281 320], [201 281 1 320 41 121 81], 1, 2, 281, 3, 9.271044e-01, 927, 1, s, NA, match
103, 2, SUP, Left, 1, SpatialChangeDetection, 5, 60, 1, 1, 1, [1 41 81 121 161 201 241 281 320], 320, 2, 9, 201, 1, 4.562366e-01, 456, 1, d, NA, novel non-match
103, 2, SUP, Left, 1, SpatialChangeDetection, 5, 61, 1, 1, 3, [1 41 81 121 161 201 241 281 320], 121, 2, 9, 281, 3, 5.866348e-01, 587, 1, d, NA, novel non-match
103, 2, SUP, Left, 1, SpatialChangeDetection, 5, 62, 2, 3, [7 8 9], [1 41 81 121 161 201 241 281 320], [121 81 201], 2, 3, 201, 8, 7.707419e-01, 771, 1, d, NA, lure
103, 2, SUP, Left, 1, SpatialChangeDetection, 5, 63, 3, 5, [2 3 4 5 6], [1 41 81 121 161 201 241 281 320], [1 121 241 81 161], 2, 9, 320, 5, 7.009156e-01, 701, 1, d, NA, novel non-match
103, 2, SUP, Left, 1, SpatialChangeDetection, 5, 64, 4, 7, [2 3 4 5 6 7 8], [1 41 81 121 161 201 241 281 320], [161 281 121 320 41 201 1], 1, 2, 281, 3, 8.706471e-01, 871, 1, s, NA, match
103, 2, SUP, Left, 1, SpatialChangeDetection, 5, 65, 3, 5, [3 4 5 6 7], [1 41 81 121 161 201 241 281 320], [1 320 241 81 281], 1, 3, 241, 5, 1.655442e+00, 1655, 1, s, NA, match
103, 2, SUP, Left, 1, SpatialChangeDetection, 5, 66, 2, 3, [4 5 6], [1 41 81 121 161 201 241 281 320], [161 121 81], 2, 9, 241, 4, 4.324852e-01, 432, 1, d, NA, novel non-match
103, 2, SUP, Left, 1, SpatialChangeDetection, 5, 67, 3, 5, [2 3 4 5 6], [1 41 81 121 161 201 241 281 320], [241 281 320 121 81], 2, 4, 121, 3, 6.660534e-01, 666, 1, d, NA, lure
103, 2, SUP, Left, 1, SpatialChangeDetection, 5, 68, 1, 1, 2, [1 41 81 121 161 201 241 281 320], 1, 1, 1, 1, 2, 6.027000e-01, 603, 1, s, NA, match
103, 2, SUP, Left, 1, SpatialChangeDetection, 5, 69, 4, 7, [3 4 5 6 7 8 9], [1 41 81 121 161 201 241 281 320], [281 241 41 320 81 121 1], 1, 7, 1, 9, 6.130018e-01, 613, 1, s, NA, match
103, 2, SUP, Left, 1, SpatialChangeDetection, 5, 70, 3, 5, [2 3 4 5 6], [1 41 81 121 161 201 241 281 320], [121 81 320 241 41], 2, 3, 320, 5, 6.215147e-01, 622, 1, d, NA, lure
103, 2, SUP, Left, 1, SpatialChangeDetection, 5, 71, 1, 1, 4, [1 41 81 121 161 201 241 281 320], 161, 1, 1, 161, 4, 4.793124e-01, 479, 1, s, NA, match
103, 2, SUP, Left, 1, SpatialChangeDetection, 5, 72, 4, 7, [2 3 4 5 6 7 8], [1 41 81 121 161 201 241 281 320], [1 201 81 161 121 41 281], 1, 4, 161, 5, 6.880078e-01, 688, 0, d, NA, match
103, 2, SUP, Left, 2, Precision, 6, 1, 2, 3, [6 7 8], [81 195 228], [195 81 228], 99, 3, 228, 8, 1.476186e+00, 1476, 12, 240, 12, NA
103, 2, SUP, Left, 2, Precision, 6, 2, 3, 5, [2 3 4 5 6], [339 311 356 125 347], [311 356 347 339 125], 99, 2, 356, 3, 2.238148e+00, 2238, 6, 350, -6, NA
103, 2, SUP, Left, 2, Precision, 6, 3, 2, 3, [4 5 6], [287 221 164], [164 221 287], 99, 3, 287, 6, 2.111705e+00, 2112, 11, 276, -11, NA
103, 2, SUP, Left, 2, Precision, 6, 4, 1, 1, 1, 91, 91, 99, 1, 91, 1, 1.849078e+00, 1849, 1, 92, 1, NA
103, 2, SUP, Left, 2, Precision, 6, 5, 4, 7, [2 3 4 5 6 7 8], [10 90 117 167 355 88 241], [117 10 241 167 88 355 90], 99, 3, 241, 4, 2.848958e+00, 2849, 117, 124, -117, NA
103, 2, SUP, Left, 2, Precision, 6, 6, 1, 1, 2, 225, 225, 99, 1, 225, 2, 2.233541e+00, 2234, 7, 232, 7, NA
103, 2, SUP, Left, 2, Precision, 6, 7, 3, 5, [2 3 4 5 6], [170 227 263 145 91], [263 91 227 170 145], 99, 5, 145, 6, 4.000730e+00, Time-out, 47, 98, -47, NA
103, 2, SUP, Left, 2, Precision, 6, 8, 2, 3, [5 6 7], [181 292 72], [181 72 292], 99, 3, 292, 7, 1.739804e+00, 1740, 26, 266, -26, NA
103, 2, SUP, Left, 2, Precision, 6, 9, 4, 7, [2 3 4 5 6 7 8], [243 87 284 177 319 58 286], [284 87 58 243 319 286 177], 99, 4, 243, 5, 1.661467e+00, 1661, 41, 284, 41, NA
103, 2, SUP, Left, 2, Precision, 6, 10, 3, 5, [3 4 5 6 7], [10 273 300 38 167], [10 300 167 273 38], 99, 3, 167, 5, 2.247188e+00, 2247, 125, 292, 125, NA
103, 2, SUP, Left, 2, Precision, 6, 11, 3, 5, [2 3 4 5 6], [42 185 48 278 350], [350 42 48 185 278], 99, 5, 278, 6, 1.767593e+00, 1768, 14, 264, -14, NA
103, 2, SUP, Left, 2, Precision, 6, 12, 4, 7, [3 4 5 6 7 8 9], [30 115 98 157 291 355 75], [291 98 115 30 75 355 157], 99, 3, 115, 5, 2.608388e+00, 2608, 94, 209, 94, NA
103, 2, SUP, Left, 2, Precision, 6, 13, 2, 3, [7 8 9], [350 76 65], [65 76 350], 99, 1, 65, 7, 2.793614e+00, 2794, 21, 86, 21, NA
103, 2, SUP, Left, 2, Precision, 6, 14, 2, 3, [6 7 8], [23 309 307], [309 307 23], 99, 2, 307, 7, 3.330714e+00, 3331, 22, 329, 22, NA
103, 2, SUP, Left, 2, Precision, 6, 15, 4, 7, [1 2 3 4 5 6 7], [64 101 114 50 273 55 118], [55 50 64 101 273 114 118], 99, 6, 114, 6, 1.627591e+00, 1628, 5, 119, 5, NA
103, 2, SUP, Left, 2, Precision, 6, 16, 2, 3, [7 8 9], [263 241 337], [241 263 337], 99, 1, 241, 7, 1.717864e+00, 1718, 16, 257, 16, NA
103, 2, SUP, Left, 2, Precision, 6, 17, 4, 7, [1 2 3 4 5 6 7], [195 345 186 49 36 138 249], [49 186 345 249 36 195 138], 99, 6, 195, 6, 2.038231e+00, 2038, 162, 33, -162, NA
103, 2, SUP, Left, 2, Precision, 6, 18, 4, 7, [1 2 3 4 5 6 7], [284 209 20 333 188 107 303], [303 188 209 20 333 107 284], 99, 3, 209, 3, 2.407083e+00, 2407, 125, 334, 125, NA
103, 2, SUP, Left, 2, Precision, 6, 19, 4, 7, [1 2 3 4 5 6 7], [75 108 277 162 306 46 345], [345 277 306 75 108 46 162], 99, 5, 108, 5, 3.281223e+00, 3281, 53, 161, 53, NA
103, 2, SUP, Left, 2, Precision, 6, 20, 2, 3, [3 4 5], [236 57 251], [251 236 57], 99, 2, 236, 4, 2.257795e+00, 2258, 7, 243, 7, NA
103, 2, SUP, Left, 2, Precision, 6, 21, 4, 7, [1 2 3 4 5 6 7], [55 181 319 157 310 205 132], [132 319 157 205 181 310 55], 99, 1, 132, 1, 2.298445e+00, 2298, 17, 149, 17, NA
103, 2, SUP, Left, 2, Precision, 6, 22, 1, 1, 9, 38, 38, 99, 1, 38, 9, 1.923935e+00, 1924, 1, 39, 1, NA
103, 2, SUP, Left, 2, Precision, 6, 23, 3, 5, [4 5 6 7 8], [265 240 147 14 272], [14 147 265 272 240], 99, 1, 14, 4, 2.476505e+00, 2477, 107, 267, -107, NA
103, 2, SUP, Left, 2, Precision, 6, 24, 3, 5, [5 6 7 8 9], [288 41 337 22 168], [168 288 337 41 22], 99, 1, 168, 5, 2.318379e+00, 2318, 9, 177, 9, NA
103, 2, SUP, Left, 2, Precision, 6, 25, 3, 5, [2 3 4 5 6], [17 202 161 270 265], [17 202 161 270 265], 99, 3, 161, 4, 2.366422e+00, 2366, 147, 14, -147, NA
103, 2, SUP, Left, 2, Precision, 6, 26, 4, 7, [2 3 4 5 6 7 8], [127 42 213 304 247 55 309], [42 247 213 304 309 127 55], 99, 5, 309, 6, 2.318858e+00, 2319, 70, 19, 70, NA
103, 2, SUP, Left, 2, Precision, 6, 27, 1, 1, 3, 302, 302, 99, 1, 302, 3, 1.935394e+00, 1935, 0, 302, 0, NA
103, 2, SUP, Left, 2, Precision, 6, 28, 1, 1, 1, 88, 88, 99, 1, 88, 1, 2.312913e+00, 2313, 16, 104, 16, NA
103, 2, SUP, Left, 2, Precision, 6, 29, 3, 5, [4 5 6 7 8], [206 203 133 98 33], [133 203 33 206 98], 99, 1, 133, 4, 3.322340e+00, 3322, 15, 148, 15, NA
103, 2, SUP, Left, 2, Precision, 6, 30, 4, 7, [3 4 5 6 7 8 9], [267 34 16 221 275 168 254], [221 254 275 168 267 34 16], 99, 4, 168, 6, 1.819181e+00, 1819, 102, 270, 102, NA
103, 2, SUP, Left, 2, Precision, 6, 31, 1, 1, 9, 159, 159, 99, 1, 159, 9, 2.091929e+00, 2092, 5, 164, 5, NA
103, 2, SUP, Left, 2, Precision, 6, 32, 2, 3, [2 3 4], [50 149 324], [324 50 149], 99, 1, 324, 2, 3.045503e+00, 3046, 41, 283, -41, NA
103, 2, SUP, Left, 2, Precision, 6, 33, 3, 5, [1 2 3 4 5], [14 303 63 355 61], [303 14 61 63 355], 99, 5, 355, 5, 2.846610e+00, 2847, 6, 349, -6, NA
103, 2, SUP, Left, 2, Precision, 6, 34, 3, 5, [2 3 4 5 6], [71 109 329 81 77], [329 71 77 81 109], 99, 1, 329, 2, 2.144206e+00, 2144, 5, 334, 5, NA
103, 2, SUP, Left, 2, Precision, 6, 35, 1, 1, 4, 88, 88, 99, 1, 88, 4, 2.225533e+00, 2226, 2, 90, 2, NA
103, 2, SUP, Left, 2, Precision, 6, 36, 3, 5, [3 4 5 6 7], [256 287 184 112 264], [184 264 287 112 256], 99, 2, 264, 4, 2.219003e+00, 2219, 38, 226, -38, NA
103, 2, SUP, Left, 2, Precision, 6, 37, 3, 5, [5 6 7 8 9], [45 170 358 338 79], [358 79 45 338 170], 99, 3, 45, 7, 2.546973e+00, 2547, 56, 349, -56, NA
103, 2, SUP, Left, 2, Precision, 6, 38, 2, 3, [4 5 6], [156 205 170], [156 205 170], 99, 3, 170, 6, 2.341173e+00, 2341, 14, 184, 14, NA
103, 2, SUP, Left, 2, Precision, 6, 39, 1, 1, 4, 329, 329, 99, 1, 329, 4, 2.462000e+00, 2462, 9, 338, 9, NA
103, 2, SUP, Left, 2, Precision, 6, 40, 3, 5, [4 5 6 7 8], [155 98 21 101 269], [21 101 98 155 269], 99, 5, 269, 8, 1.951257e+00, 1951, 4, 265, -4, NA
103, 2, SUP, Left, 2, Precision, 6, 41, 1, 1, 1, 258, 258, 99, 1, 258, 1, 1.759670e+00, 1760, 3, 261, 3, NA
103, 2, SUP, Left, 2, Precision, 6, 42, 1, 1, 5, 4, 4, 99, 1, 4, 5, 2.169490e+00, 2169, 13, 351, -13, NA
103, 2, SUP, Left, 2, Precision, 6, 43, 2, 3, [4 5 6], [126 247 272], [247 126 272], 99, 2, 126, 5, 1.666916e+00, 1667, 1, 125, -1, NA
103, 2, SUP, Left, 2, Precision, 6, 44, 3, 5, [1 2 3 4 5], [124 329 146 348 343], [343 329 124 146 348], 99, 1, 343, 1, 1.986140e+00, 1986, 5, 348, 5, NA
103, 2, SUP, Left, 2, Precision, 6, 45, 4, 7, [3 4 5 6 7 8 9], [267 18 45 106 276 113 137], [45 113 137 106 267 276 18], 99, 6, 276, 8, 1.764084e+00, 1764, 10, 266, -10, NA
103, 2, SUP, Left, 2, Precision, 6, 46, 2, 3, [1 2 3], [267 157 119], [119 267 157], 99, 1, 119, 1, 3.309039e+00, 3309, 18, 137, 18, NA
103, 2, SUP, Left, 2, Precision, 6, 47, 3, 5, [2 3 4 5 6], [272 50 193 188 229], [193 272 50 188 229], 99, 3, 50, 4, 2.390040e+00, 2390, 158, 208, 158, NA
103, 2, SUP, Left, 2, Precision, 6, 48, 3, 5, [4 5 6 7 8], [322 15 6 69 282], [69 282 322 6 15], 99, 3, 322, 6, 2.383683e+00, 2384, 48, 274, -48, NA
103, 2, SUP, Left, 2, Precision, 6, 49, 4, 7, [2 3 4 5 6 7 8], [135 319 18 266 128 118 269], [18 266 319 135 118 128 269], 99, 2, 266, 3, 3.176827e+00, 3177, 177, 83, 177, NA
103, 2, SUP, Left, 2, Precision, 6, 50, 4, 7, [2 3 4 5 6 7 8], [131 268 119 204 31 63 64], [131 268 64 63 119 204 31], 99, 6, 204, 7, 4.000775e+00, Time-out, 165, 39, -165, NA
103, 2, SUP, Left, 2, Precision, 6, 51, 1, 1, 4, 15, 15, 99, 1, 15, 4, 4.000659e+00, Time-out, 5, 20, 5, NA
103, 2, SUP, Left, 2, Precision, 6, 52, 2, 3, [5 6 7], [224 335 94], [224 94 335], 99, 2, 94, 6, 4.000382e+00, Time-out, 25, 69, -25, NA
103, 2, SUP, Left, 2, Precision, 6, 53, 4, 7, [3 4 5 6 7 8 9], [204 101 128 54 193 189 37], [54 37 189 204 128 101 193], 99, 4, 204, 6, 4.000708e+00, Time-out, 6, 198, -6, NA
103, 2, SUP, Left, 2, Precision, 6, 54, 3, 5, [1 2 3 4 5], [254 59 87 178 128], [178 59 254 128 87], 99, 3, 254, 3, 4.000312e+00, Time-out, 57, 197, -57, NA
103, 2, SUP, Left, 2, Precision, 6, 55, 1, 1, 8, 328, 328, 99, 1, 328, 8, 2.143849e+00, 2144, 12, 316, -12, NA
103, 2, SUP, Left, 2, Precision, 6, 56, 1, 1, 2, 159, 159, 99, 1, 159, 2, 1.762078e+00, 1762, 7, 152, -7, NA
103, 2, SUP, Left, 2, Precision, 6, 57, 4, 7, [1 2 3 4 5 6 7], [80 76 216 197 54 133 266], [216 133 266 54 76 80 197], 99, 2, 133, 2, 1.972020e+00, 1972, 77, 210, 77, NA
103, 2, SUP, Left, 2, Precision, 6, 58, 1, 1, 5, 253, 253, 99, 1, 253, 5, 4.000491e+00, Time-out, 4, 257, 4, NA
103, 2, SUP, Left, 2, Precision, 6, 59, 1, 1, 5, 61, 61, 99, 1, 61, 5, 4.000733e+00, Time-out, 2, 59, -2, NA
103, 2, SUP, Left, 2, Precision, 6, 60, 2, 3, [7 8 9], [156 81 350], [156 350 81], 99, 2, 350, 8, 4.000369e+00, Time-out, 3, 353, 3, NA
103, 2, SUP, Left, 2, Precision, 6, 61, 4, 7, [3 4 5 6 7 8 9], [250 109 79 69 167 183 99], [167 250 183 69 99 109 79], 99, 2, 250, 4, 4.000140e+00, Time-out, 12, 262, 12, NA
103, 2, SUP, Left, 2, Precision, 6, 62, 4, 7, [3 4 5 6 7 8 9], [336 116 304 343 222 215 92], [222 215 336 304 92 343 116], 99, 6, 343, 8, 4.000131e+00, Time-out, 46, 297, -46, NA
103, 2, SUP, Left, 2, Precision, 6, 63, 1, 1, 8, 15, 15, 99, 1, 15, 8, 4.000127e+00, Time-out, 4, 11, -4, NA
103, 2, SUP, Left, 2, Precision, 6, 64, 2, 3, [7 8 9], [92 86 253], [86 253 92], 99, 2, 253, 8, 4.000587e+00, Time-out, 11, 264, 11, NA
103, 2, SUP, Left, 2, Precision, 6, 65, 2, 3, [2 3 4], [61 205 196], [205 61 196], 99, 3, 196, 4, 4.000090e+00, Time-out, 1, 197, 1, NA
103, 2, SUP, Left, 2, Precision, 6, 66, 2, 3, [4 5 6], [354 323 337], [337 354 323], 99, 1, 337, 4, 4.000022e+00, Time-out, 0, 337, 0, NA
103, 2, SUP, Left, 2, Precision, 6, 67, 3, 5, [5 6 7 8 9], [78 120 140 311 117], [311 140 117 120 78], 99, 2, 140, 6, 4.000206e+00, Time-out, 14, 126, -14, NA
103, 2, SUP, Left, 2, Precision, 6, 68, 1, 1, 8, 172, 172, 99, 1, 172, 8, 4.000221e+00, Time-out, 13, 185, 13, NA
103, 2, SUP, Left, 2, Precision, 6, 69, 2, 3, [1 2 3], [319 22 262], [22 262 319], 99, 2, 262, 2, 4.000302e+00, Time-out, 5, 267, 5, NA
103, 2, SUP, Left, 2, Precision, 6, 70, 2, 3, [4 5 6], [86 204 240], [240 86 204], 99, 1, 240, 4, 4.000140e+00, Time-out, 5, 245, 5, NA
103, 2, SUP, Left, 2, Precision, 6, 71, 4, 7, [1 2 3 4 5 6 7], [87 75 356 243 229 7 52], [75 52 7 243 356 87 229], 99, 7, 229, 7, 4.000671e+00, Time-out, 9, 238, 9, NA
103, 2, SUP, Left, 2, Precision, 6, 72, 1, 1, 4, 284, 284, 99, 1, 284, 4, 4.000429e+00, Time-out, 5, 279, -5, NA
103, 2, SUP, Left, 1, SpatialChangeDetection, 7, 1, 4, 7, [2 3 4 5 6 7 8], [1 41 81 121 161 201 241 281 320], [161 121 281 81 41 320 1], 1, 3, 281, 4, 7.310727e-01, 731, 0, d, NA, match
103, 2, SUP, Left, 1, SpatialChangeDetection, 7, 2, 3, 5, [5 6 7 8 9], [1 41 81 121 161 201 241 281 320], [161 81 281 241 320], 1, 5, 320, 9, 7.242059e-01, 724, 1, s, NA, match
103, 2, SUP, Left, 1, SpatialChangeDetection, 7, 3, 3, 5, [1 2 3 4 5], [1 41 81 121 161 201 241 281 320], [281 1 41 81 201], 2, 9, 241, 4, 5.655740e-01, 566, 1, d, NA, novel non-match
103, 2, SUP, Left, 1, SpatialChangeDetection, 7, 4, 3, 5, [5 6 7 8 9], [1 41 81 121 161 201 241 281 320], [161 121 81 1 41], 2, 9, 320, 6, 7.513410e-01, 751, 1, d, NA, novel non-match
103, 2, SUP, Left, 1, SpatialChangeDetection, 7, 5, 1, 1, 8, [1 41 81 121 161 201 241 281 320], 281, 1, 1, 281, 8, 5.924299e-01, 592, 1, s, NA, match
103, 2, SUP, Left, 1, SpatialChangeDetection, 7, 6, 3, 5, [1 2 3 4 5], [1 41 81 121 161 201 241 281 320], [281 320 81 41 121], 2, 9, 201, 3, 5.624317e-01, 562, 1, d, NA, novel non-match
103, 2, SUP, Left, 1, SpatialChangeDetection, 7, 7, 1, 1, 5, [1 41 81 121 161 201 241 281 320], 320, 2, 9, 241, 5, 5.391172e-01, 539, 1, d, NA, novel non-match
103, 2, SUP, Left, 1, SpatialChangeDetection, 7, 8, 1, 1, 9, [1 41 81 121 161 201 241 281 320], 241, 1, 1, 241, 9, 6.042395e-01, 604, 1, s, NA, match
103, 2, SUP, Left, 1, SpatialChangeDetection, 7, 9, 4, 7, [1 2 3 4 5 6 7], [1 41 81 121 161 201 241 281 320], [1 320 201 281 41 161 81], 1, 3, 201, 3, 9.340459e-01, 934, 0, d, NA, match
103, 2, SUP, Left, 1, SpatialChangeDetection, 7, 10, 2, 3, [4 5 6], [1 41 81 121 161 201 241 281 320], [241 41 201], 1, 1, 241, 4, 6.156813e-01, 616, 1, s, NA, match
103, 2, SUP, Left, 1, SpatialChangeDetection, 7, 11, 1, 1, 6, [1 41 81 121 161 201 241 281 320], 241, 1, 1, 241, 6, 8.885467e-01, 889, 1, s, NA, match
103, 2, SUP, Left, 1, SpatialChangeDetection, 7, 12, 3, 5, [5 6 7 8 9], [1 41 81 121 161 201 241 281 320], [281 161 41 81 201], 1, 1, 281, 5, 6.659231e-01, 666, 1, s, NA, match
103, 2, SUP, Left, 1, SpatialChangeDetection, 7, 13, 1, 1, 4, [1 41 81 121 161 201 241 281 320], 1, 1, 1, 1, 4, 7.547215e-01, 755, 1, s, NA, match
103, 2, SUP, Left, 1, SpatialChangeDetection, 7, 14, 4, 7, [1 2 3 4 5 6 7], [1 41 81 121 161 201 241 281 320], [281 121 1 81 41 320 201], 1, 6, 320, 6, 6.765107e-01, 677, 0, d, NA, match
103, 2, SUP, Left, 1, SpatialChangeDetection, 7, 15, 4, 7, [2 3 4 5 6 7 8], [1 41 81 121 161 201 241 281 320], [241 1 320 81 161 121 281], 1, 1, 241, 2, 9.818376e-01, 982, 1, s, NA, match
103, 2, SUP, Left, 1, SpatialChangeDetection, 7, 16, 4, 7, [2 3 4 5 6 7 8], [1 41 81 121 161 201 241 281 320], [241 281 320 81 161 41 201], 2, 6, 41, 5, 6.233227e-01, 623, 1, d, NA, lure
103, 2, SUP, Left, 1, SpatialChangeDetection, 7, 17, 2, 3, [5 6 7], [1 41 81 121 161 201 241 281 320], [241 201 320], 1, 2, 201, 6, 8.721545e-01, 872, 1, s, NA, match
103, 2, SUP, Left, 1, SpatialChangeDetection, 7, 18, 3, 5, [5 6 7 8 9], [1 41 81 121 161 201 241 281 320], [161 281 1 320 81], 2, 9, 41, 9, 8.109676e-01, 811, 1, d, NA, novel non-match
103, 2, SUP, Left, 1, SpatialChangeDetection, 7, 19, 4, 7, [1 2 3 4 5 6 7], [1 41 81 121 161 201 241 281 320], [121 241 81 161 41 1 320], 1, 7, 320, 7, 6.267097e-01, 627, 1, s, NA, match
103, 2, SUP, Left, 1, SpatialChangeDetection, 7, 20, 4, 7, [3 4 5 6 7 8 9], [1 41 81 121 161 201 241 281 320], [81 201 161 121 1 41 281], 1, 6, 41, 8, 8.845195e-01, 885, 0, d, NA, match
103, 2, SUP, Left, 1, SpatialChangeDetection, 7, 21, 2, 3, [7 8 9], [1 41 81 121 161 201 241 281 320], [320 1 41], 1, 2, 1, 8, 9.731561e-01, 973, 0, d, NA, match
103, 2, SUP, Left, 1, SpatialChangeDetection, 7, 22, 2, 3, [3 4 5], [1 41 81 121 161 201 241 281 320], [41 81 201], 1, 2, 81, 4, 7.115730e-01, 712, 0, d, NA, match
103, 2, SUP, Left, 1, SpatialChangeDetection, 7, 23, 4, 7, [1 2 3 4 5 6 7], [1 41 81 121 161 201 241 281 320], [320 1 241 201 281 41 121], 2, 2, 1, 6, 8.723088e-01, 872, 1, d, NA, lure
103, 2, SUP, Left, 1, SpatialChangeDetection, 7, 24, 1, 1, 7, [1 41 81 121 161 201 241 281 320], 201, 2, 9, 1, 7, 6.343085e-01, 634, 1, d, NA, novel non-match
103, 2, SUP, Left, 1, SpatialChangeDetection, 7, 25, 3, 5, [5 6 7 8 9], [1 41 81 121 161 201 241 281 320], [201 41 320 161 121], 2, 9, 1, 9, 8.517012e-01, 852, 1, d, NA, novel non-match
103, 2, SUP, Left, 1, SpatialChangeDetection, 7, 26, 2, 3, [6 7 8], [1 41 81 121 161 201 241 281 320], [1 281 201], 1, 2, 281, 7, 7.882531e-01, 788, 1, s, NA, match
103, 2, SUP, Left, 1, SpatialChangeDetection, 7, 27, 3, 5, [5 6 7 8 9], [1 41 81 121 161 201 241 281 320], [281 201 1 121 41], 2, 9, 241, 5, 7.185324e-01, 719, 1, d, NA, novel non-match
103, 2, SUP, Left, 1, SpatialChangeDetection, 7, 28, 3, 5, [5 6 7 8 9], [1 41 81 121 161 201 241 281 320], [281 41 320 161 201], 1, 5, 201, 9, 5.669501e-01, 567, 1, s, NA, match
103, 2, SUP, Left, 1, SpatialChangeDetection, 7, 29, 4, 7, [2 3 4 5 6 7 8], [1 41 81 121 161 201 241 281 320], [1 241 281 201 41 81 320], 1, 5, 41, 6, 1.096038e+00, 1096, 0, d, NA, match
103, 2, SUP, Left, 1, SpatialChangeDetection, 7, 30, 4, 7, [3 4 5 6 7 8 9], [1 41 81 121 161 201 241 281 320], [1 281 121 241 161 81 320], 2, 9, 201, 5, 8.976233e-01, 898, 1, d, NA, novel non-match
103, 2, SUP, Left, 1, SpatialChangeDetection, 7, 31, 2, 3, [6 7 8], [1 41 81 121 161 201 241 281 320], [81 201 320], 1, 1, 81, 6, 6.437433e-01, 644, 0, d, NA, match
103, 2, SUP, Left, 1, SpatialChangeDetection, 7, 32, 1, 1, 5, [1 41 81 121 161 201 241 281 320], 1, 2, 9, 161, 5, 5.323550e-01, 532, 1, d, NA, novel non-match
103, 2, SUP, Left, 1, SpatialChangeDetection, 7, 33, 2, 3, [6 7 8], [1 41 81 121 161 201 241 281 320], [161 281 241], 2, 1, 161, 8, 6.457281e-01, 646, 1, d, NA, lure
103, 2, SUP, Left, 1, SpatialChangeDetection, 7, 34, 3, 5, [4 5 6 7 8], [1 41 81 121 161 201 241 281 320], [201 81 161 121 281], 2, 3, 161, 4, 1.263816e+00, 1264, 0, s, NA, lure
103, 2, SUP, Left, 1, SpatialChangeDetection, 7, 35, 2, 3, [6 7 8], [1 41 81 121 161 201 241 281 320], [281 320 201], 2, 1, 281, 8, 8.804291e-01, 880, 1, d, NA, lure
103, 2, SUP, Left, 1, SpatialChangeDetection, 7, 36, 4, 7, [2 3 4 5 6 7 8], [1 41 81 121 161 201 241 281 320], [41 161 1 81 121 281 201], 1, 2, 161, 3, 9.224664e-01, 922, 0, d, NA, match
103, 2, SUP, Left, 1, SpatialChangeDetection, 7, 37, 3, 5, [1 2 3 4 5], [1 41 81 121 161 201 241 281 320], [281 81 161 1 320], 1, 5, 320, 5, 6.749341e-01, 675, 1, s, NA, match
103, 2, SUP, Left, 1, SpatialChangeDetection, 7, 38, 1, 1, 6, [1 41 81 121 161 201 241 281 320], 320, 1, 1, 320, 6, 4.280300e-01, 428, 1, s, NA, match
103, 2, SUP, Left, 1, SpatialChangeDetection, 7, 39, 3, 5, [5 6 7 8 9], [1 41 81 121 161 201 241 281 320], [201 241 281 121 320], 2, 4, 121, 5, 7.342046e-01, 734, 1, d, NA, lure
103, 2, SUP, Left, 1, SpatialChangeDetection, 7, 40, 3, 5, [1 2 3 4 5], [1 41 81 121 161 201 241 281 320], [81 320 1 281 41], 1, 2, 320, 2, 6.876371e-01, 688, 0, d, NA, match
103, 2, SUP, Left, 1, SpatialChangeDetection, 7, 41, 4, 7, [2 3 4 5 6 7 8], [1 41 81 121 161 201 241 281 320], [241 81 1 121 281 41 201], 2, 9, 320, 7, 7.607702e-01, 761, 1, d, NA, novel non-match
103, 2, SUP, Left, 1, SpatialChangeDetection, 7, 42, 1, 1, 6, [1 41 81 121 161 201 241 281 320], 241, 1, 1, 241, 6, 5.219048e-01, 522, 1, s, NA, match
103, 2, SUP, Left, 1, SpatialChangeDetection, 7, 43, 1, 1, 6, [1 41 81 121 161 201 241 281 320], 241, 2, 9, 81, 6, 4.110333e-01, 411, 1, d, NA, novel non-match
103, 2, SUP, Left, 1, SpatialChangeDetection, 7, 44, 2, 3, [4 5 6], [1 41 81 121 161 201 241 281 320], [320 161 241], 2, 1, 320, 5, 9.325272e-01, 933, 0, s, NA, lure
103, 2, SUP, Left, 1, SpatialChangeDetection, 7, 45, 3, 5, [1 2 3 4 5], [1 41 81 121 161 201 241 281 320], [241 121 161 41 281], 2, 9, 81, 4, 1.485395e+00, 1485, 1, d, NA, novel non-match
103, 2, SUP, Left, 1, SpatialChangeDetection, 7, 46, 4, 7, [1 2 3 4 5 6 7], [1 41 81 121 161 201 241 281 320], [81 1 281 121 201 320 241], 1, 2, 1, 2, 5.750236e-01, 575, 0, d, NA, match
103, 2, SUP, Left, 1, SpatialChangeDetection, 7, 47, 2, 3, [6 7 8], [1 41 81 121 161 201 241 281 320], [161 41 201], 1, 3, 201, 8, 7.052447e-01, 705, 1, s, NA, match
103, 2, SUP, Left, 1, SpatialChangeDetection, 7, 48, 3, 5, [4 5 6 7 8], [1 41 81 121 161 201 241 281 320], [320 241 41 161 281], 1, 4, 161, 7, 6.658008e-01, 666, 0, d, NA, match
103, 2, SUP, Left, 1, SpatialChangeDetection, 7, 49, 1, 1, 1, [1 41 81 121 161 201 241 281 320], 201, 1, 1, 201, 1, 6.348397e-01, 635, 1, s, NA, match
103, 2, SUP, Left, 1, SpatialChangeDetection, 7, 50, 3, 5, [4 5 6 7 8], [1 41 81 121 161 201 241 281 320], [201 320 41 81 281], 1, 3, 41, 6, 6.286626e-01, 629, 0, d, NA, match
103, 2, SUP, Left, 1, SpatialChangeDetection, 7, 51, 2, 3, [2 3 4], [1 41 81 121 161 201 241 281 320], [81 320 1], 2, 3, 1, 2, 6.462078e-01, 646, 1, d, NA, lure
103, 2, SUP, Left, 1, SpatialChangeDetection, 7, 52, 4, 7, [3 4 5 6 7 8 9], [1 41 81 121 161 201 241 281 320], [41 281 201 320 1 121 241], 2, 9, 81, 4, 6.323797e-01, 632, 1, d, NA, novel non-match
103, 2, SUP, Left, 1, SpatialChangeDetection, 7, 53, 2, 3, [4 5 6], [1 41 81 121 161 201 241 281 320], [320 81 281], 2, 9, 241, 5, 6.161841e-01, 616, 1, d, NA, novel non-match
103, 2, SUP, Left, 1, SpatialChangeDetection, 7, 54, 1, 1, 7, [1 41 81 121 161 201 241 281 320], 41, 2, 9, 241, 7, 5.131145e-01, 513, 1, d, NA, novel non-match
103, 2, SUP, Left, 1, SpatialChangeDetection, 7, 55, 3, 5, [3 4 5 6 7], [1 41 81 121 161 201 241 281 320], [81 41 1 281 161], 1, 4, 281, 6, 1.307176e+00, 1307, 0, d, NA, match
103, 2, SUP, Left, 1, SpatialChangeDetection, 7, 56, 2, 3, [5 6 7], [1 41 81 121 161 201 241 281 320], [41 161 1], 1, 2, 161, 6, 9.084986e-01, 908, 0, d, NA, match
103, 2, SUP, Left, 1, SpatialChangeDetection, 7, 57, 1, 1, 1, [1 41 81 121 161 201 241 281 320], 161, 2, 9, 201, 1, 4.711274e-01, 471, 1, d, NA, novel non-match
103, 2, SUP, Left, 1, SpatialChangeDetection, 7, 58, 2, 3, [7 8 9], [1 41 81 121 161 201 241 281 320], [41 81 161], 2, 9, 1, 9, 5.269962e-01, 527, 1, d, NA, novel non-match
103, 2, SUP, Left, 1, SpatialChangeDetection, 7, 59, 3, 5, [5 6 7 8 9], [1 41 81 121 161 201 241 281 320], [121 320 161 241 41], 1, 5, 41, 9, 8.169174e-01, 817, 1, s, NA, match
103, 2, SUP, Left, 1, SpatialChangeDetection, 7, 60, 4, 7, [3 4 5 6 7 8 9], [1 41 81 121 161 201 241 281 320], [320 81 241 41 121 201 1], 1, 6, 201, 8, 6.821684e-01, 682, 0, d, NA, match
103, 2, SUP, Left, 1, SpatialChangeDetection, 7, 61, 1, 1, 8, [1 41 81 121 161 201 241 281 320], 41, 2, 9, 201, 8, 4.506464e-01, 451, 1, d, NA, novel non-match
103, 2, SUP, Left, 1, SpatialChangeDetection, 7, 62, 4, 7, [2 3 4 5 6 7 8], [1 41 81 121 161 201 241 281 320], [201 281 320 41 1 161 81], 1, 5, 1, 6, 9.325565e-01, 933, 0, d, NA, match
103, 2, SUP, Left, 1, SpatialChangeDetection, 7, 63, 2, 3, [4 5 6], [1 41 81 121 161 201 241 281 320], [241 81 121], 1, 1, 241, 4, 8.217682e-01, 822, 1, s, NA, match
103, 2, SUP, Left, 1, SpatialChangeDetection, 7, 64, 2, 3, [7 8 9], [1 41 81 121 161 201 241 281 320], [281 320 81], 2, 1, 281, 9, 6.150083e-01, 615, 1, d, NA, lure
103, 2, SUP, Left, 1, SpatialChangeDetection, 7, 65, 1, 1, 6, [1 41 81 121 161 201 241 281 320], 201, 1, 1, 201, 6, 4.079663e-01, 408, 1, s, NA, match
103, 2, SUP, Left, 1, SpatialChangeDetection, 7, 66, 1, 1, 4, [1 41 81 121 161 201 241 281 320], 41, 1, 1, 41, 4, 5.864956e-01, 586, 1, s, NA, match
103, 2, SUP, Left, 1, SpatialChangeDetection, 7, 67, 4, 7, [3 4 5 6 7 8 9], [1 41 81 121 161 201 241 281 320], [41 81 121 201 161 281 320], 2, 9, 241, 5, 6.907367e-01, 691, 1, d, NA, novel non-match
103, 2, SUP, Left, 1, SpatialChangeDetection, 7, 68, 2, 3, [1 2 3], [1 41 81 121 161 201 241 281 320], [41 201 121], 2, 9, 1, 1, 7.809182e-01, 781, 1, d, NA, novel non-match
103, 2, SUP, Left, 1, SpatialChangeDetection, 7, 69, 4, 7, [3 4 5 6 7 8 9], [1 41 81 121 161 201 241 281 320], [201 281 41 241 81 1 161], 2, 9, 121, 5, 7.420662e-01, 742, 1, d, NA, novel non-match
103, 2, SUP, Left, 1, SpatialChangeDetection, 7, 70, 2, 3, [4 5 6], [1 41 81 121 161 201 241 281 320], [161 201 81], 2, 9, 320, 4, 7.351401e-01, 735, 1, d, NA, novel non-match
103, 2, SUP, Left, 1, SpatialChangeDetection, 7, 71, 1, 1, 9, [1 41 81 121 161 201 241 281 320], 1, 2, 9, 201, 9, 8.723909e-01, 872, 1, d, NA, novel non-match
103, 2, SUP, Left, 1, SpatialChangeDetection, 7, 72, 1, 1, 3, [1 41 81 121 161 201 241 281 320], 241, 1, 1, 241, 3, 4.333937e-01, 433, 0, d, NA, match
103, 2, SUP, Left, 2, Precision, 8, 1, 3, 5, [2 3 4 5 6], [224 243 218 198 249], [243 198 249 218 224], 99, 3, 249, 4, 2.894264e+00, 2894, 32, 217, -32, NA
103, 2, SUP, Left, 2, Precision, 8, 2, 2, 3, [5 6 7], [28 304 282], [282 28 304], 99, 2, 28, 6, 2.687749e+00, 2688, 18, 10, -18, NA
103, 2, SUP, Left, 2, Precision, 8, 3, 4, 7, [2 3 4 5 6 7 8], [192 273 61 319 148 110 308], [308 319 273 61 192 148 110], 99, 1, 308, 2, 2.032290e+00, 2032, 30, 338, 30, NA
103, 2, SUP, Left, 2, Precision, 8, 4, 3, 5, [4 5 6 7 8], [137 40 99 347 192], [192 40 99 347 137], 99, 3, 99, 6, 2.904695e+00, 2905, 84, 183, 84, NA
103, 2, SUP, Left, 2, Precision, 8, 5, 4, 7, [1 2 3 4 5 6 7], [192 221 97 70 50 243 158], [158 50 97 243 221 70 192], 99, 2, 50, 2, 2.594598e+00, 2595, 105, 155, 105, NA
103, 2, SUP, Left, 2, Precision, 8, 6, 1, 1, 2, 136, 136, 99, 1, 136, 2, 1.844523e+00, 1845, 2, 134, -2, NA
103, 2, SUP, Left, 2, Precision, 8, 7, 3, 5, [1 2 3 4 5], [258 130 145 39 320], [130 258 39 145 320], 99, 4, 145, 4, 2.821506e+00, 2822, 110, 35, -110, NA
103, 2, SUP, Left, 2, Precision, 8, 8, 2, 3, [2 3 4], [302 288 287], [302 288 287], 99, 2, 288, 3, 1.950513e+00, 1951, 10, 278, -10, NA
103, 2, SUP, Left, 2, Precision, 8, 9, 1, 1, 9, 345, 345, 99, 1, 345, 9, 1.503124e+00, 1503, 1, 346, 1, NA
103, 2, SUP, Left, 2, Precision, 8, 10, 3, 5, [2 3 4 5 6], [140 73 93 261 279], [140 279 73 93 261], 99, 4, 93, 5, 2.361681e+00, 2362, 165, 288, -165, NA
103, 2, SUP, Left, 2, Precision, 8, 11, 3, 5, [2 3 4 5 6], [165 4 58 257 150], [150 58 4 165 257], 99, 1, 150, 2, 2.921457e+00, 2921, 9, 141, -9, NA
103, 2, SUP, Left, 2, Precision, 8, 12, 3, 5, [3 4 5 6 7], [298 95 186 206 170], [170 95 298 186 206], 99, 3, 298, 5, 1.434298e+00, 1434, 32, 330, 32, NA
103, 2, SUP, Left, 2, Precision, 8, 13, 1, 1, 5, 292, 292, 99, 1, 292, 5, 1.498805e+00, 1499, 5, 297, 5, NA
103, 2, SUP, Left, 2, Precision, 8, 14, 2, 3, [2 3 4], [134 189 131], [131 189 134], 99, 1, 131, 2, 2.187926e+00, 2188, 6, 137, 6, NA
103, 2, SUP, Left, 2, Precision, 8, 15, 2, 3, [5 6 7], [189 183 248], [189 183 248], 99, 1, 189, 5, 3.245208e+00, 3245, 13, 202, 13, NA
103, 2, SUP, Left, 2, Precision, 8, 16, 4, 7, [3 4 5 6 7 8 9], [160 191 14 55 39 124 42], [191 160 124 39 14 42 55], 99, 6, 42, 8, 1.686934e+00, 1687, 0, 42, 0, NA
103, 2, SUP, Left, 2, Precision, 8, 17, 1, 1, 8, 334, 334, 99, 1, 334, 8, 1.855326e+00, 1855, 16, 318, -16, NA
103, 2, SUP, Left, 2, Precision, 8, 18, 1, 1, 8, 56, 56, 99, 1, 56, 8, 1.392302e+00, 1392, 3, 59, 3, NA
103, 2, SUP, Left, 2, Precision, 8, 19, 2, 3, [7 8 9], [123 240 93], [240 123 93], 99, 3, 93, 9, 2.112953e+00, 2113, 35, 128, 35, NA
103, 2, SUP, Left, 2, Precision, 8, 20, 2, 3, [4 5 6], [290 23 100], [23 290 100], 99, 1, 23, 4, 3.323108e+00, 3323, 150, 233, -150, NA
103, 2, SUP, Left, 2, Precision, 8, 21, 2, 3, [4 5 6], [287 234 226], [226 287 234], 99, 3, 234, 6, 1.796178e+00, 1796, 7, 241, 7, NA
103, 2, SUP, Left, 2, Precision, 8, 22, 3, 5, [4 5 6 7 8], [104 3 20 261 140], [140 20 3 104 261], 99, 1, 140, 4, 1.717809e+00, 1718, 72, 212, 72, NA
103, 2, SUP, Left, 2, Precision, 8, 23, 1, 1, 3, 120, 120, 99, 1, 120, 3, 1.350732e+00, 1351, 5, 125, 5, NA
103, 2, SUP, Left, 2, Precision, 8, 24, 2, 3, [4 5 6], [57 147 97], [147 57 97], 99, 1, 147, 4, 1.798424e+00, 1798, 1, 146, -1, NA
103, 2, SUP, Left, 2, Precision, 8, 25, 2, 3, [5 6 7], [352 14 130], [14 130 352], 99, 1, 14, 5, 2.447779e+00, 2448, 118, 132, 118, NA
103, 2, SUP, Left, 2, Precision, 8, 26, 4, 7, [1 2 3 4 5 6 7], [90 174 336 118 190 270 310], [90 118 174 270 310 190 336], 99, 3, 174, 3, 2.016525e+00, 2017, 104, 70, -104, NA
103, 2, SUP, Left, 2, Precision, 8, 27, 4, 7, [2 3 4 5 6 7 8], [97 134 196 208 44 219 264], [44 134 196 97 219 264 208], 99, 2, 134, 3, 2.240735e+00, 2241, 35, 99, -35, NA
103, 2, SUP, Left, 2, Precision, 8, 28, 3, 5, [3 4 5 6 7], [337 20 263 107 289], [289 107 337 263 20], 99, 2, 107, 4, 2.313628e+00, 2314, 27, 134, 27, NA
103, 2, SUP, Left, 2, Precision, 8, 29, 3, 5, [2 3 4 5 6], [332 136 300 294 194], [194 294 136 332 300], 99, 4, 332, 5, 1.835053e+00, 1835, 5, 337, 5, NA
103, 2, SUP, Left, 2, Precision, 8, 30, 2, 3, [4 5 6], [199 70 156], [70 199 156], 99, 1, 70, 4, 2.044287e+00, 2044, 20, 50, -20, NA
103, 2, SUP, Left, 2, Precision, 8, 31, 4, 7, [2 3 4 5 6 7 8], [290 286 176 7 308 39 359], [176 7 286 359 39 290 308], 99, 4, 359, 5, 1.933784e+00, 1934, 23, 336, -23, NA
103, 2, SUP, Left, 2, Precision, 8, 32, 1, 1, 8, 75, 75, 99, 1, 75, 8, 1.534313e+00, 1534, 9, 66, -9, NA
103, 2, SUP, Left, 2, Precision, 8, 33, 2, 3, [7 8 9], [316 262 90], [316 262 90], 99, 3, 90, 9, 3.991384e+00, 3991, 38, 128, 38, NA
103, 2, SUP, Left, 2, Precision, 8, 34, 4, 7, [1 2 3 4 5 6 7], [71 116 1 107 276 211 64], [276 1 116 71 107 211 64], 99, 5, 107, 5, 1.863517e+00, 1864, 10, 117, 10, NA
103, 2, SUP, Left, 2, Precision, 8, 35, 4, 7, [1 2 3 4 5 6 7], [312 20 31 215 82 290 138], [138 31 215 312 290 20 82], 99, 1, 138, 1, 1.575824e+00, 1576, 16, 122, -16, NA
103, 2, SUP, Left, 2, Precision, 8, 36, 2, 3, [5 6 7], [201 76 239], [239 76 201], 99, 1, 239, 5, 1.578433e+00, 1578, 0, 239, 0, NA
103, 2, SUP, Left, 2, Precision, 8, 37, 3, 5, [4 5 6 7 8], [315 56 143 42 276], [143 276 56 315 42], 99, 1, 143, 4, 3.282643e+00, 3283, 51, 92, -51, NA
103, 2, SUP, Left, 2, Precision, 8, 38, 1, 1, 4, 268, 268, 99, 1, 268, 4, 2.092301e+00, 2092, 9, 277, 9, NA
103, 2, SUP, Left, 2, Precision, 8, 39, 2, 3, [7 8 9], [286 298 251], [251 298 286], 99, 1, 251, 7, 4.000691e+00, Time-out, 10, 261, 10, NA
103, 2, SUP, Left, 2, Precision, 8, 40, 1, 1, 6, 66, 66, 99, 1, 66, 6, 4.000058e+00, Time-out, 8, 58, -8, NA
103, 2, SUP, Left, 2, Precision, 8, 41, 4, 7, [3 4 5 6 7 8 9], [315 101 40 126 221 353 11], [40 221 11 315 353 101 126], 99, 5, 353, 7, 4.000258e+00, Time-out, 54, 47, 54, NA
103, 2, SUP, Left, 2, Precision, 8, 42, 1, 1, 6, 301, 301, 99, 1, 301, 6, 4.000233e+00, Time-out, 14, 315, 14, NA
103, 2, SUP, Left, 2, Precision, 8, 43, 3, 5, [3 4 5 6 7], [346 198 71 196 102], [196 198 71 102 346], 99, 3, 71, 5, 4.000695e+00, Time-out, 146, 217, 146, NA
103, 2, SUP, Left, 2, Precision, 8, 44, 2, 3, [3 4 5], [338 220 232], [232 338 220], 99, 1, 232, 3, 4.000692e+00, Time-out, 8, 240, 8, NA
103, 2, SUP, Left, 2, Precision, 8, 45, 3, 5, [4 5 6 7 8], [6 159 212 222 271], [159 6 222 212 271], 99, 3, 222, 6, 4.000464e+00, Time-out, 10, 232, 10, NA
103, 2, SUP, Left, 2, Precision, 8, 46, 1, 1, 1, 212, 212, 99, 1, 212, 1, 4.000596e+00, Time-out, 2, 214, 2, NA
103, 2, SUP, Left, 2, Precision, 8, 47, 4, 7, [2 3 4 5 6 7 8], [324 63 233 235 80 172 267], [235 172 324 233 80 267 63], 99, 4, 233, 5, 4.000005e+00, Time-out, 137, 96, -137, NA
103, 2, SUP, Left, 2, Precision, 8, 48, 3, 5, [1 2 3 4 5], [181 31 337 144 112], [31 112 337 144 181], 99, 4, 144, 4, 4.000470e+00, Time-out, 66, 210, 66, NA
103, 2, SUP, Left, 2, Precision, 8, 49, 4, 7, [2 3 4 5 6 7 8], [102 58 77 118 240 326 150], [240 150 118 77 326 58 102], 99, 1, 240, 2, 4.000585e+00, Time-out, 164, 44, 164, NA
103, 2, SUP, Left, 2, Precision, 8, 50, 1, 1, 1, 326, 326, 99, 1, 326, 1, 4.000298e+00, Time-out, 4, 322, -4, NA
103, 2, SUP, Left, 2, Precision, 8, 51, 3, 5, [1 2 3 4 5], [319 348 86 277 308], [86 277 308 348 319], 99, 5, 319, 5, 4.000604e+00, Time-out, 4, 323, 4, NA
103, 2, SUP, Left, 2, Precision, 8, 52, 3, 5, [4 5 6 7 8], [296 146 282 215 101], [215 282 296 101 146], 99, 1, 215, 4, 4.000722e+00, Time-out, 8, 223, 8, NA
103, 2, SUP, Left, 2, Precision, 8, 53, 1, 1, 1, 55, 55, 99, 1, 55, 1, 4.000468e+00, Time-out, 3, 52, -3, NA
103, 2, SUP, Left, 2, Precision, 8, 54, 1, 1, 7, 147, 147, 99, 1, 147, 7, 4.000696e+00, Time-out, 2, 149, 2, NA
103, 2, SUP, Left, 2, Precision, 8, 55, 3, 5, [1 2 3 4 5], [56 337 253 275 40], [275 337 253 56 40], 99, 5, 40, 5, 4.000170e+00, Time-out, 1, 39, -1, NA
103, 2, SUP, Left, 2, Precision, 8, 56, 2, 3, [5 6 7], [107 5 152], [152 5 107], 99, 2, 5, 6, 4.000345e+00, Time-out, 1, 6, 1, NA
103, 2, SUP, Left, 2, Precision, 8, 57, 4, 7, [1 2 3 4 5 6 7], [143 25 342 169 23 64 276], [23 276 169 143 64 342 25], 99, 3, 169, 3, 4.000405e+00, Time-out, 5, 174, 5, NA
103, 2, SUP, Left, 2, Precision, 8, 58, 2, 3, [2 3 4], [37 267 45], [45 37 267], 99, 2, 37, 3, 4.000645e+00, Time-out, 9, 28, -9, NA
103, 2, SUP, Left, 2, Precision, 8, 59, 4, 7, [3 4 5 6 7 8 9], [124 60 310 347 311 12 156], [124 347 156 311 12 60 310], 99, 4, 311, 6, 4.000179e+00, Time-out, 71, 22, 71, NA
103, 2, SUP, Left, 2, Precision, 8, 60, 4, 7, [3 4 5 6 7 8 9], [234 332 91 353 217 307 291], [353 217 91 332 291 234 307], 99, 6, 234, 8, 4.000516e+00, Time-out, 90, 324, 90, NA
103, 2, SUP, Left, 2, Precision, 8, 61, 1, 1, 8, 197, 197, 99, 1, 197, 8, 4.000475e+00, Time-out, 4, 201, 4, NA
103, 2, SUP, Left, 2, Precision, 8, 62, 1, 1, 1, 307, 307, 99, 1, 307, 1, 4.000511e+00, Time-out, 5, 312, 5, NA
103, 2, SUP, Left, 2, Precision, 8, 63, 2, 3, [3 4 5], [90 282 40], [40 90 282], 99, 1, 40, 3, 4.000549e+00, Time-out, 55, 95, 55, NA
103, 2, SUP, Left, 2, Precision, 8, 64, 3, 5, [2 3 4 5 6], [182 156 54 170 225], [54 156 170 182 225], 99, 2, 156, 3, 4.000521e+00, Time-out, 5, 161, 5, NA
103, 2, SUP, Left, 2, Precision, 8, 65, 4, 7, [2 3 4 5 6 7 8], [35 313 299 165 290 169 49], [49 165 299 169 313 290 35], 99, 3, 299, 4, 4.000028e+00, Time-out, 2, 301, 2, NA
103, 2, SUP, Left, 2, Precision, 8, 66, 1, 1, 7, 1, 1, 99, 1, 1, 7, 4.000886e+00, Time-out, 1, 360, -1, NA
103, 2, SUP, Left, 2, Precision, 8, 67, 4, 7, [3 4 5 6 7 8 9], [297 333 107 194 326 127 321], [321 107 297 194 127 333 326], 99, 1, 321, 3, 4.000358e+00, Time-out, 2, 323, 2, NA
103, 2, SUP, Left, 2, Precision, 8, 68, 2, 3, [1 2 3], [60 343 355], [60 355 343], 99, 3, 343, 3, 4.000093e+00, Time-out, 1, 344, 1, NA
103, 2, SUP, Left, 2, Precision, 8, 69, 4, 7, [2 3 4 5 6 7 8], [89 181 360 333 349 175 347], [181 89 175 360 349 347 333], 99, 4, 360, 5, 4.000680e+00, Time-out, 6, 354, -6, NA
103, 2, SUP, Left, 2, Precision, 8, 70, 1, 1, 5, 33, 33, 99, 1, 33, 5, 4.000447e+00, Time-out, 6, 27, -6, NA
103, 2, SUP, Left, 2, Precision, 8, 71, 3, 5, [1 2 3 4 5], [217 122 130 158 134], [134 130 122 217 158], 99, 1, 134, 1, 4.000481e+00, Time-out, 15, 149, 15, NA
103, 2, SUP, Left, 2, Precision, 8, 72, 4, 7, [3 4 5 6 7 8 9], [129 197 69 43 287 209 168], [129 69 168 287 43 197 209], 99, 3, 168, 5, 4.000213e+00, Time-out, 130, 298, 130, NA
