subject, session, target, StimLat, CurrentTask, TaskCondition, block, trial, LoadLevel, SetSize, ShownLocs, AllColors, ShownColors, ProbeMatch, ChosenProbeColor, CorrectProbeColor, ProbeLoc, probert, msecProbeRT, probeACC, response, error, matchCond
103, 3, INF, Left, 1, SpatialChangeDetection, 1, 1, 2, 3, [5 6 7], [1 41 81 121 161 201 241 281 320], [201 121 1], 2, 9, 41, 5, 9.079728e-01, 908, 1, d, NA, novel non-match
103, 3, INF, Left, 1, SpatialChangeDetection, 1, 2, 3, 5, [1 2 3 4 5], [1 41 81 121 161 201 241 281 320], [41 81 320 121 281], 1, 1, 41, 1, 1.063496e+00, 1063, 0, d, NA, match
103, 3, INF, Left, 1, SpatialChangeDetection, 1, 3, 2, 3, [5 6 7], [1 41 81 121 161 201 241 281 320], [241 41 81], 2, 9, 320, 6, 7.771225e-01, 777, 1, d, NA, novel non-match
103, 3, INF, Left, 1, SpatialChangeDetection, 1, 4, 4, 7, [1 2 3 4 5 6 7], [1 41 81 121 161 201 241 281 320], [161 201 41 1 241 81 281], 2, 7, 281, 3, 6.819146e-01, 682, 1, d, NA, lure
103, 3, INF, Left, 1, SpatialChangeDetection, 1, 5, 2, 3, [5 6 7], [1 41 81 121 161 201 241 281 320], [320 81 241], 1, 2, 81, 6, 6.841960e-01, 684, 0, d, NA, match
103, 3, INF, Left, 1, SpatialChangeDetection, 1, 6, 2, 3, [5 6 7], [1 41 81 121 161 201 241 281 320], [320 201 1], 2, 2, 201, 5, 5.889853e-01, 589, 1, d, NA, lure
103, 3, INF, Left, 1, SpatialChangeDetection, 1, 7, 3, 5, [5 6 7 8 9], [1 41 81 121 161 201 241 281 320], [320 81 241 161 201], 1, 4, 161, 8, 1.206025e+00, 1206, 0, d, NA, match
103, 3, INF, Left, 1, SpatialChangeDetection, 1, 8, 4, 7, [2 3 4 5 6 7 8], [1 41 81 121 161 201 241 281 320], [201 41 121 1 281 320 81], 2, 9, 241, 3, 7.039257e-01, 704, 1, d, NA, novel non-match
103, 3, INF, Left, 1, SpatialChangeDetection, 1, 9, 1, 1, 1, [1 41 81 121 161 201 241 281 320], 1, 1, 1, 1, 1, 8.163727e-01, 816, 1, s, NA, match
103, 3, INF, Left, 1, SpatialChangeDetection, 1, 10, 3, 5, [4 5 6 7 8], [1 41 81 121 161 201 241 281 320], [201 320 1 241 81], 1, 2, 320, 5, 6.888279e-01, 689, 0, d, NA, match
103, 3, INF, Left, 1, SpatialChangeDetection, 1, 11, 2, 3, [3 4 5], [1 41 81 121 161 201 241 281 320], [41 320 161], 1, 3, 161, 5, 7.226310e-01, 723, 1, s, NA, match
103, 3, INF, Left, 1, SpatialChangeDetection, 1, 12, 3, 5, [2 3 4 5 6], [1 41 81 121 161 201 241 281 320], [161 41 320 1 241], 2, 4, 1, 6, 6.764023e-01, 676, 1, d, NA, lure
103, 3, INF, Left, 1, SpatialChangeDetection, 1, 13, 4, 7, [2 3 4 5 6 7 8], [1 41 81 121 161 201 241 281 320], [201 161 241 320 281 121 41], 1, 4, 320, 5, 6.851160e-01, 685, 0, d, NA, match
103, 3, INF, Left, 1, SpatialChangeDetection, 1, 14, 1, 1, 6, [1 41 81 121 161 201 241 281 320], 281, 2, 9, 81, 6, 1.078983e+00, 1079, 1, d, NA, novel non-match
103, 3, INF, Left, 1, SpatialChangeDetection, 1, 15, 4, 7, [2 3 4 5 6 7 8], [1 41 81 121 161 201 241 281 320], [81 201 41 320 281 241 161], 2, 5, 281, 8, 8.474842e-01, 847, 1, d, NA, lure
103, 3, INF, Left, 1, SpatialChangeDetection, 1, 16, 2, 3, [5 6 7], [1 41 81 121 161 201 241 281 320], [281 1 201], 2, 9, 41, 5, 6.971270e-01, 697, 1, d, NA, novel non-match
103, 3, INF, Left, 1, SpatialChangeDetection, 1, 17, 3, 5, [1 2 3 4 5], [1 41 81 121 161 201 241 281 320], [161 241 201 41 320], 1, 3, 201, 3, 9.147225e-01, 915, 0, d, NA, match
103, 3, INF, Left, 1, SpatialChangeDetection, 1, 18, 1, 1, 8, [1 41 81 121 161 201 241 281 320], 161, 1, 1, 161, 8, 5.556666e-01, 556, 1, s, NA, match
103, 3, INF, Left, 1, SpatialChangeDetection, 1, 19, 1, 1, 6, [1 41 81 121 161 201 241 281 320], 1, 1, 1, 1, 6, 4.616553e-01, 462, 1, s, NA, match
103, 3, INF, Left, 1, SpatialChangeDetection, 1, 20, 1, 1, 1, [1 41 81 121 161 201 241 281 320], 201, 1, 1, 201, 1, 5.510926e-01, 551, 1, s, NA, match
103, 3, INF, Left, 1, SpatialChangeDetection, 1, 21, 1, 1, 9, [1 41 81 121 161 201 241 281 320], 161, 1, 1, 161, 9, 4.797810e-01, 480, 1, s, NA, match
103, 3, INF, Left, 1, SpatialChangeDetection, 1, 22, 4, 7, [1 2 3 4 5 6 7], [1 41 81 121 161 201 241 281 320], [121 201 320 281 41 1 81], 1, 7, 81, 7, 7.218025e-01, 722, 1, s, NA, match
103, 3, INF, Left, 1, SpatialChangeDetection, 1, 23, 4, 7, [3 4 5 6 7 8 9], [1 41 81 121 161 201 241 281 320], [281 1 81 320 41 161 121], 2, 2, 1, 5, 1.378573e+00, 1379, 1, d, NA, lure
103, 3, INF, Left, 1, SpatialChangeDetection, 1, 24, 1, 1, 7, [1 41 81 121 161 201 241 281 320], 320, 2, 9, 1, 7, 6.287926e-01, 629, 1, d, NA, novel non-match
103, 3, INF, Left, 1, SpatialChangeDetection, 1, 25, 4, 7, [2 3 4 5 6 7 8], [1 41 81 121 161 201 241 281 320], [121 241 41 161 201 81 281], 2, 9, 320, 7, 7.569374e-01, 757, 1, d, NA, novel non-match
103, 3, INF, Left, 1, SpatialChangeDetection, 1, 26, 2, 3, [4 5 6], [1 41 81 121 161 201 241 281 320], [1 201 41], 1, 2, 201, 5, 7.347581e-01, 735, 0, d, NA, match
103, 3, INF, Left, 1, SpatialChangeDetection, 1, 27, 2, 3, [7 8 9], [1 41 81 121 161 201 241 281 320], [1 81 281], 2, 1, 1, 8, 6.243932e-01, 624, 1, d, NA, lure
103, 3, INF, Left, 1, SpatialChangeDetection, 1, 28, 1, 1, 4, [1 41 81 121 161 201 241 281 320], 1, 1, 1, 1, 4, 6.813455e-01, 681, 1, s, NA, match
103, 3, INF, Left, 1, SpatialChangeDetection, 1, 29, 2, 3, [3 4 5], [1 41 81 121 161 201 241 281 320], [41 241 281], 1, 1, 41, 3, 1.066979e+00, 1067, 1, s, NA, match
103, 3, INF, Left, 1, SpatialChangeDetection, 1, 30, 1, 1, 1, [1 41 81 121 161 201 241 281 320], 320, 2, 9, 81, 1, 7.405131e-01, 741, 1, d, NA, novel non-match
103, 3, INF, Left, 1, SpatialChangeDetection, 1, 31, 2, 3, [5 6 7], [1 41 81 121 161 201 241 281 320], [121 320 81], 2, 1, 121, 7, 9.260760e-01, 926, 1, d, NA, lure
103, 3, INF, Left, 1, SpatialChangeDetection, 1, 32, 1, 1, 9, [1 41 81 121 161 201 241 281 320], 161, 2, 9, 320, 9, 6.465703e-01, 647, 1, d, NA, novel non-match
103, 3, INF, Left, 1, SpatialChangeDetection, 1, 33, 3, 5, [2 3 4 5 6], [1 41 81 121 161 201 241 281 320], [201 1 81 161 41], 1, 3, 81, 4, 9.037944e-01, 904, 1, s, NA, match
103, 3, INF, Left, 1, SpatialChangeDetection, 1, 34, 4, 7, [1 2 3 4 5 6 7], [1 41 81 121 161 201 241 281 320], [241 161 1 41 281 121 201], 1, 3, 1, 3, 1.209915e+00, 1210, 0, d, NA, match
103, 3, INF, Left, 1, SpatialChangeDetection, 1, 35, 3, 5, [1 2 3 4 5], [1 41 81 121 161 201 241 281 320], [1 161 201 320 281], 2, 9, 41, 3, 8.346083e-01, 835, 1, d, NA, novel non-match
103, 3, INF, Left, 1, SpatialChangeDetection, 1, 36, 2, 3, [4 5 6], [1 41 81 121 161 201 241 281 320], [241 320 201], 2, 2, 320, 6, 7.315075e-01, 732, 1, d, NA, lure
103, 3, INF, Left, 1, SpatialChangeDetection, 1, 37, 4, 7, [3 4 5 6 7 8 9], [1 41 81 121 161 201 241 281 320], [281 1 161 241 81 121 320], 1, 5, 81, 7, 1.245443e+00, 1245, 0, d, NA, match
103, 3, INF, Left, 1, SpatialChangeDetection, 1, 38, 4, 7, [1 2 3 4 5 6 7], [1 41 81 121 161 201 241 281 320], [1 201 41 241 161 121 281], 1, 2, 201, 2, 1.455085e+00, 1455, 0, d, NA, match
103, 3, INF, Left, 1, SpatialChangeDetection, 1, 39, 2, 3, [3 4 5], [1 41 81 121 161 201 241 281 320], [1 320 161], 2, 1, 1, 4, 1.239937e+00, 1240, 1, d, NA, lure
103, 3, INF, Left, 1, SpatialChangeDetection, 1, 40, 4, 7, [3 4 5 6 7 8 9], [1 41 81 121 161 201 241 281 320], [241 201 281 1 320 161 81], 1, 6, 161, 8, 1.456974e+00, 1457, 0, d, NA, match
103, 3, INF, Left, 1, SpatialChangeDetection, 1, 41, 3, 5, [2 3 4 5 6], [1 41 81 121 161 201 241 281 320], [81 121 161 1 320], 1, 3, 161, 4, 1.523378e+00, 1523, 0, d, NA, match
103, 3, INF, Left, 1, SpatialChangeDetection, 1, 42, 1, 1, 8, [1 41 81 121 161 201 241 281 320], 241, 2, 9, 201, 8, 7.235745e-01, 724, 1, d, NA, novel non-match
103, 3, INF, Left, 1, SpatialChangeDetection, 1, 43, 1, 1, 7, [1 41 81 121 161 201 241 281 320], 241, 2, 9, 320, 7, 5.416242e-01, 542, 1, d, NA, novel non-match
103, 3, INF, Left, 1, SpatialChangeDetection, 1, 44, 2, 3, [1 2 3], [1 41 81 121 161 201 241 281 320], [121 41 1], 1, 1, 121, 1, 6.954942e-01, 695, 1, s, NA, match
103, 3, INF, Left, 1, SpatialChangeDetection, 1, 45, 4, 7, [2 3 4 5 6 7 8], [1 41 81 121 161 201 241 281 320], [320 121 81 281 201 241 161], 1, 6, 241, 7, 1.120530e+00, 1121, 0, d, NA, match
103, 3, INF, Left, 1, SpatialChangeDetection, 1, 46, 3, 5, [2 3 4 5 6], [1 41 81 121 161 201 241 281 320], [241 121 1 41 320], 1, 3, 1, 4, 1.169500e+00, 1170, 0, d, NA, match
103, 3, INF, Left, 1, SpatialChangeDetection, 1, 47, 4, 7, [3 4 5 6 7 8 9], [1 41 81 121 161 201 241 281 320], [241 121 41 201 281 1 81], 1, 6, 1, 8, 6.988926e-01, 699, 1, s, NA, match
103, 3, INF, Left, 1, SpatialChangeDetection, 1, 48, 1, 1, 7, [1 41 81 121 161 201 241 281 320], 320, 2, 9, 1, 7, 6.279451e-01, 628, 1, d, NA, novel non-match
103, 3, INF, Left, 1, SpatialChangeDetection, 1, 49, 1, 1, 1, [1 41 81 121 161 201 241 281 320], 81, 2, 9, 161, 1, 1.501501e+00, 1502, 1, d, NA, novel non-match
103, 3, INF, Left, 1, SpatialChangeDetection, 1, 50, 4, 7, [1 2 3 4 5 6 7], [1 41 81 121 161 201 241 281 320], [281 41 161 121 81 201 1], 1, 5, 81, 5, 1.046823e+00, 1047, 0, d, NA, match
103, 3, INF, Left, 1, SpatialChangeDetection, 1, 51, 2, 3, [3 4 5], [1 41 81 121 161 201 241 281 320], [201 161 1], 2, 9, 41, 4, 1.103890e+00, 1104, 1, d, NA, novel non-match
103, 3, INF, Left, 1, SpatialChangeDetection, 1, 52, 4, 7, [3 4 5 6 7 8 9], [1 41 81 121 161 201 241 281 320], [121 281 41 201 1 320 241], 1, 4, 201, 6, 1.265553e+00, 1266, 1, s, NA, match
103, 3, INF, Left, 1, SpatialChangeDetection, 1, 53, 4, 7, [3 4 5 6 7 8 9], [1 41 81 121 161 201 241 281 320], [121 161 320 1 241 81 201], 2, 1, 121, 7, 8.432525e-01, 843, 1, d, NA, lure
103, 3, INF, Left, 1, SpatialChangeDetection, 1, 54, 4, 7, [3 4 5 6 7 8 9], [1 41 81 121 161 201 241 281 320], [161 81 241 281 201 41 121], 2, 7, 121, 8, 1.204109e+00, 1204, 1, d, NA, lure
103, 3, INF, Left, 1, SpatialChangeDetection, 1, 55, 3, 5, [4 5 6 7 8], [1 41 81 121 161 201 241 281 320], [281 121 241 161 41], 2, 9, 320, 6, 8.457211e-01, 846, 1, d, NA, novel non-match
103, 3, INF, Left, 1, SpatialChangeDetection, 1, 56, 3, 5, [4 5 6 7 8], [1 41 81 121 161 201 241 281 320], [161 81 241 320 1], 2, 5, 1, 6, 7.822740e-01, 782, 1, d, NA, lure
103, 3, INF, Left, 1, SpatialChangeDetection, 1, 57, 1, 1, 4, [1 41 81 121 161 201 241 281 320], 320, 2, 9, 201, 4, 6.723812e-01, 672, 1, d, NA, novel non-match
103, 3, INF, Left, 1, SpatialChangeDetection, 1, 58, 2, 3, [2 3 4], [1 41 81 121 161 201 241 281 320], [281 201 161], 1, 1, 281, 2, 7.696718e-01, 770, 1, s, NA, match
103, 3, INF, Left, 1, SpatialChangeDetection, 1, 59, 1, 1, 2, [1 41 81 121 161 201 241 281 320], 161, 1, 1, 161, 2, 5.142108e-01, 514, 1, s, NA, match
103, 3, INF, Left, 1, SpatialChangeDetection, 1, 60, 3, 5, [4 5 6 7 8], [1 41 81 121 161 201 241 281 320], [320 241 1 41 161], 2, 4, 41, 5, 7.889001e-01, 789, 1, d, NA, lure
103, 3, INF, Left, 1, SpatialChangeDetection, 1, 61, 3, 5, [2 3 4 5 6], [1 41 81 121 161 201 241 281 320], [241 320 161 121 41], 1, 3, 161, 4, 1.189221e+00, 1189, 0, d, NA, match
103, 3, INF, Left, 1, SpatialChangeDetection, 1, 62, 3, 5, [4 5 6 7 8], [1 41 81 121 161 201 241 281 320], [320 281 161 1 41], 2, 9, 241, 6, 1.343650e+00, 1344, 0, s, NA, novel non-match
103, 3, INF, Left, 1, SpatialChangeDetection, 1, 63, 2, 3, [1 2 3], [1 41 81 121 161 201 241 281 320], [121 201 281], 1, 2, 201, 2, 9.526677e-01, 953, 1, s, NA, match
103, 3, INF, Left, 1, SpatialChangeDetection, 1, 64, 3, 5, [1 2 3 4 5], [1 41 81 121 161 201 241 281 320], [81 161 241 281 201], 2, 4, 281, 2, 6.976595e-01, 698, 0, s, NA, lure
103, 3, INF, Left, 1, SpatialChangeDetection, 1, 65, 1, 1, 6, [1 41 81 121 161 201 241 281 320], 241, 1, 1, 241, 6, 999, 999000, 0, NA, NA, match
103, 3, INF, Left, 1, SpatialChangeDetection, 1, 66, 3, 5, [4 5 6 7 8], [1 41 81 121 161 201 241 281 320], [81 201 241 320 121], 1, 4, 320, 7, 9.480058e-01, 948, 0, d, NA, match
103, 3, INF, Left, 1, SpatialChangeDetection, 1, 67, 4, 7, [3 4 5 6 7 8 9], [1 41 81 121 161 201 241 281 320], [1 161 81 41 121 201 320], 1, 6, 201, 8, 8.618522e-01, 862, 0, d, NA, match
103, 3, INF, Left, 1, SpatialChangeDetection, 1, 68, 3, 5, [1 2 3 4 5], [1 41 81 121 161 201 241 281 320], [201 281 1 121 81], 1, 1, 201, 1, 6.153348e-01, 615, 1, s, NA, match
103, 3, INF, Left, 1, SpatialChangeDetection, 1, 69, 2, 3, [5 6 7], [1 41 81 121 161 201 241 281 320], [81 41 241], 1, 3, 241, 7, 8.723225e-01, 872, 1, s, NA, match
103, 3, INF, Left, 1, SpatialChangeDetection, 1, 70, 1, 1, 9, [1 41 81 121 161 201 241 281 320], 161, 2, 9, 241, 9, 1.465363e+00, 1465, 1, d, NA, novel non-match
103, 3, INF, Left, 1, SpatialChangeDetection, 1, 71, 3, 5, [2 3 4 5 6], [1 41 81 121 161 201 241 281 320], [281 320 121 1 241], 1, 5, 241, 6, 7.469101e-01, 747, 1, s, NA, match
103, 3, INF, Left, 1, SpatialChangeDetection, 1, 72, 2, 3, [5 6 7], [1 41 81 121 161 201 241 281 320], [161 1 320], 2, 2, 1, 5, 8.438735e-01, 844, 1, d, NA, lure
103, 3, INF, Left, 2, Precision, 2, 1, 1, 1, 9, 228, 228, 99, 1, 228, 9, 1.718780e+00, 1719, 5, 233, 5, NA
103, 3, INF, Left, 2, Precision, 2, 2, 1, 1, 6, 271, 271, 99, 1, 271, 6, 2.143950e+00, 2144, 15, 286, 15, NA
103, 3, INF, Left, 2, Precision, 2, 3, 2, 3, [7 8 9], [165 255 14], [255 165 14], 99, 1, 255, 7, 1.569057e+00, 1569, 17, 238, -17, NA
103, 3, INF, Left, 2, Precision, 2, 4, 1, 1, 9, 237, 237, 99, 1, 237, 9, 1.625747e+00, 1626, 4, 241, 4, NA
103, 3, INF, Left, 2, Precision, 2, 5, 2, 3, [4 5 6], [120 303 136], [303 136 120], 99, 1, 303, 4, 1.642666e+00, 1643, 17, 286, -17, NA
103, 3, INF, Left, 2, Precision, 2, 6, 3, 5, [5 6 7 8 9], [114 198 279 58 169], [279 114 198 58 169], 99, 1, 279, 5, 2.020546e+00, 2021, 19, 260, -19, NA
103, 3, INF, Left, 2, Precision, 2, 7, 3, 5, [1 2 3 4 5], [31 249 218 108 54], [54 31 249 108 218], 99, 1, 54, 1, 1.716943e+00, 1717, 21, 33, -21, NA
103, 3, INF, Left, 2, Precision, 2, 8, 3, 5, [3 4 5 6 7], [149 144 228 286 352], [144 286 149 352 228], 99, 5, 228, 7, 1.470595e+00, 1471, 15, 243, 15, NA
103, 3, INF, Left, 2, Precision, 2, 9, 1, 1, 9, 105, 105, 99, 1, 105, 9, 1.576084e+00, 1576, 0, 105, 0, NA
103, 3, INF, Left, 2, Precision, 2, 10, 4, 7, [3 4 5 6 7 8 9], [270 20 335 283 92 280 82], [92 335 283 20 280 82 270], 99, 2, 335, 4, 2.153106e+00, 2153, 98, 73, 98, NA
103, 3, INF, Left, 2, Precision, 2, 11, 1, 1, 6, 24, 24, 99, 1, 24, 6, 1.241790e+00, 1242, 4, 28, 4, NA
103, 3, INF, Left, 2, Precision, 2, 12, 3, 5, [2 3 4 5 6], [328 65 4 187 206], [187 206 4 65 328], 99, 5, 328, 6, 1.859138e+00, 1859, 40, 8, 40, NA
103, 3, INF, Left, 2, Precision, 2, 13, 1, 1, 2, 196, 196, 99, 1, 196, 2, 1.323740e+00, 1324, 7, 203, 7, NA
103, 3, INF, Left, 2, Precision, 2, 14, 3, 5, [5 6 7 8 9], [309 84 307 139 149], [307 84 309 149 139], 99, 1, 307, 5, 2.341309e+00, 2341, 31, 338, 31, NA
103, 3, INF, Left, 2, Precision, 2, 15, 3, 5, [4 5 6 7 8], [86 214 259 247 139], [247 139 214 86 259], 99, 2, 139, 5, 3.351105e+00, 3351, 4, 143, 4, NA
103, 3, INF, Left, 2, Precision, 2, 16, 1, 1, 3, 346, 346, 99, 1, 346, 3, 1.383502e+00, 1384, 1, 345, -1, NA
103, 3, INF, Left, 2, Precision, 2, 17, 4, 7, [2 3 4 5 6 7 8], [202 19 7 178 276 355 209], [7 178 355 19 276 202 209], 99, 3, 355, 4, 1.712135e+00, 1712, 135, 220, -135, NA
103, 3, INF, Left, 2, Precision, 2, 18, 2, 3, [6 7 8], [142 235 346], [235 346 142], 99, 2, 346, 7, 1.673262e+00, 1673, 2, 348, 2, NA
103, 3, INF, Left, 2, Precision, 2, 19, 3, 5, [3 4 5 6 7], [356 76 96 56 179], [76 96 56 356 179], 99, 4, 356, 6, 3.387461e+00, 3387, 80, 276, -80, NA
103, 3, INF, Left, 2, Precision, 2, 20, 2, 3, [6 7 8], [37 125 175], [37 125 175], 99, 2, 125, 7, 1.266966e+00, 1267, 5, 130, 5, NA
103, 3, INF, Left, 2, Precision, 2, 21, 4, 7, [2 3 4 5 6 7 8], [160 338 272 1 336 91 240], [1 338 272 160 336 240 91], 99, 1, 1, 2, 1.572766e+00, 1573, 9, 352, -9, NA
103, 3, INF, Left, 2, Precision, 2, 22, 2, 3, [5 6 7], [315 39 212], [39 315 212], 99, 1, 39, 5, 1.468981e+00, 1469, 23, 16, -23, NA
103, 3, INF, Left, 2, Precision, 2, 23, 2, 3, [5 6 7], [225 150 346], [346 150 225], 99, 1, 346, 5, 1.565972e+00, 1566, 12, 358, 12, NA
103, 3, INF, Left, 2, Precision, 2, 24, 3, 5, [2 3 4 5 6], [85 180 357 197 352], [352 180 85 357 197], 99, 3, 85, 4, 2.486845e+00, 2487, 75, 10, -75, NA
103, 3, INF, Left, 2, Precision, 2, 25, 3, 5, [1 2 3 4 5], [221 84 195 339 351], [221 339 84 195 351], 99, 4, 195, 4, 3.047725e+00, 3048, 172, 7, 172, NA
103, 3, INF, Left, 2, Precision, 2, 26, 3, 5, [5 6 7 8 9], [150 310 12 120 212], [310 12 150 120 212], 99, 3, 150, 7, 2.129015e+00, 2129, 97, 53, -97, NA
103, 3, INF, Left, 2, Precision, 2, 27, 3, 5, [4 5 6 7 8], [4 315 141 314 174], [174 315 314 4 141], 99, 4, 4, 7, 4.000794e+00, Time-out, 142, 146, 142, NA
103, 3, INF, Left, 2, Precision, 2, 28, 2, 3, [5 6 7], [176 262 115], [176 262 115], 99, 2, 262, 6, 2.228145e+00, 2228, 6, 268, 6, NA
103, 3, INF, Left, 2, Precision, 2, 29, 1, 1, 9, 171, 171, 99, 1, 171, 9, 4.000783e+00, Time-out, 11, 182, 11, NA
103, 3, INF, Left, 2, Precision, 2, 30, 1, 1, 7, 312, 312, 99, 1, 312, 7, 4.000428e+00, Time-out, 3, 315, 3, NA
103, 3, INF, Left, 2, Precision, 2, 31, 2, 3, [2 3 4], [259 214 282], [282 214 259], 99, 3, 259, 4, 4.000498e+00, Time-out, 10, 269, 10, NA
103, 3, INF, Left, 2, Precision, 2, 32, 1, 1, 7, 284, 284, 99, 1, 284, 7, 4.000587e+00, Time-out, 7, 291, 7, NA
103, 3, INF, Left, 2, Precision, 2, 33, 1, 1, 6, 281, 281, 99, 1, 281, 6, 4.000450e+00, Time-out, 1, 282, 1, NA
103, 3, INF, Left, 2, Precision, 2, 34, 3, 5, [1 2 3 4 5], [343 37 110 313 45], [313 45 343 37 110], 99, 3, 343, 3, 4.000519e+00, Time-out, 34, 17, 34, NA
103, 3, INF, Left, 2, Precision, 2, 35, 1, 1, 5, 267, 267, 99, 1, 267, 5, 4.000125e+00, Time-out, 45, 222, -45, NA
103, 3, INF, Left, 2, Precision, 2, 36, 3, 5, [3 4 5 6 7], [209 306 327 313 67], [327 209 67 313 306], 99, 2, 209, 4, 4.000158e+00, Time-out, 110, 319, 110, NA
103, 3, INF, Left, 2, Precision, 2, 37, 1, 1, 6, 324, 324, 99, 1, 324, 6, 4.000476e+00, Time-out, 7, 331, 7, NA
103, 3, INF, Left, 2, Precision, 2, 38, 4, 7, [1 2 3 4 5 6 7], [196 294 217 238 256 280 118], [118 196 217 294 238 280 256], 99, 1, 118, 1, 4.000439e+00, Time-out, 12, 130, 12, NA
103, 3, INF, Left, 2, Precision, 2, 39, 4, 7, [1 2 3 4 5 6 7], [231 134 310 51 114 87 173], [173 134 310 231 87 114 51], 99, 2, 134, 2, 2.489992e+00, 2490, 22, 156, 22, NA
103, 3, INF, Left, 2, Precision, 2, 40, 4, 7, [3 4 5 6 7 8 9], [266 126 322 265 235 287 185], [322 287 126 235 265 266 185], 99, 2, 287, 4, 1.547791e+00, 1548, 137, 64, 137, NA
103, 3, INF, Left, 2, Precision, 2, 41, 1, 1, 5, 340, 340, 99, 1, 340, 5, 1.628626e+00, 1629, 14, 354, 14, NA
103, 3, INF, Left, 2, Precision, 2, 42, 3, 5, [4 5 6 7 8], [157 354 50 360 335], [335 50 354 157 360], 99, 2, 50, 5, 1.790887e+00, 1791, 15, 35, -15, NA
103, 3, INF, Left, 2, Precision, 2, 43, 4, 7, [2 3 4 5 6 7 8], [345 355 59 126 262 331 316], [345 316 262 355 331 59 126], 99, 6, 59, 7, 2.375859e+00, 2376, 11, 70, 11, NA
103, 3, INF, Left, 2, Precision, 2, 44, 2, 3, [1 2 3], [197 293 96], [293 197 96], 99, 1, 293, 1, 3.192941e+00, 3193, 16, 309, 16, NA
103, 3, INF, Left, 2, Precision, 2, 45, 3, 5, [1 2 3 4 5], [74 36 192 225 164], [36 164 74 225 192], 99, 4, 225, 4, 1.834381e+00, 1834, 4, 229, 4, NA
103, 3, INF, Left, 2, Precision, 2, 46, 2, 3, [2 3 4], [134 288 317], [317 134 288], 99, 3, 288, 4, 1.938456e+00, 1938, 4, 292, 4, NA
103, 3, INF, Left, 2, Precision, 2, 47, 3, 5, [3 4 5 6 7], [194 271 263 328 66], [271 328 194 263 66], 99, 1, 271, 3, 2.205233e+00, 2205, 10, 261, -10, NA
103, 3, INF, Left, 2, Precision, 2, 48, 4, 7, [3 4 5 6 7 8 9], [199 149 50 205 1 174 11], [149 50 11 205 1 174 199], 99, 7, 199, 9, 1.901618e+00, 1902, 16, 215, 16, NA
103, 3, INF, Left, 2, Precision, 2, 49, 4, 7, [2 3 4 5 6 7 8], [340 187 247 223 347 78 7], [223 340 7 347 247 187 78], 99, 2, 340, 3, 1.998988e+00, 1999, 19, 359, 19, NA
103, 3, INF, Left, 2, Precision, 2, 50, 3, 5, [1 2 3 4 5], [295 106 213 126 24], [213 106 126 295 24], 99, 4, 295, 4, 1.551047e+00, 1551, 17, 278, -17, NA
103, 3, INF, Left, 2, Precision, 2, 51, 4, 7, [1 2 3 4 5 6 7], [44 266 73 357 208 23 6], [357 23 266 6 73 44 208], 99, 6, 44, 6, 2.591900e+00, 2592, 119, 285, -119, NA
103, 3, INF, Left, 2, Precision, 2, 52, 4, 7, [2 3 4 5 6 7 8], [246 321 80 303 62 334 13], [246 13 80 334 321 62 303], 99, 1, 246, 2, 1.696824e+00, 1697, 6, 240, -6, NA
103, 3, INF, Left, 2, Precision, 2, 53, 2, 3, [3 4 5], [236 135 354], [236 135 354], 99, 2, 135, 4, 1.730280e+00, 1730, 7, 128, -7, NA
103, 3, INF, Left, 2, Precision, 2, 54, 2, 3, [4 5 6], [6 309 221], [309 221 6], 99, 3, 6, 6, 4.000621e+00, Time-out, 2, 8, 2, NA
103, 3, INF, Left, 2, Precision, 2, 55, 2, 3, [4 5 6], [101 89 197], [89 197 101], 99, 3, 101, 6, 4.000652e+00, Time-out, 26, 127, 26, NA
103, 3, INF, Left, 2, Precision, 2, 56, 2, 3, [6 7 8], [69 9 358], [9 358 69], 99, 2, 358, 7, 2.558261e+00, 2558, 5, 3, 5, NA
103, 3, INF, Left, 2, Precision, 2, 57, 4, 7, [3 4 5 6 7 8 9], [217 225 178 9 37 126 271], [225 126 271 178 217 9 37], 99, 1, 225, 3, 1.479626e+00, 1480, 26, 199, -26, NA
103, 3, INF, Left, 2, Precision, 2, 58, 4, 7, [3 4 5 6 7 8 9], [137 332 193 56 350 288 98], [350 332 56 288 193 98 137], 99, 7, 137, 9, 4.000231e+00, Time-out, 7, 130, -7, NA
103, 3, INF, Left, 2, Precision, 2, 59, 2, 3, [1 2 3], [291 36 124], [124 36 291], 99, 1, 124, 1, 4.000735e+00, Time-out, 12, 112, -12, NA
103, 3, INF, Left, 2, Precision, 2, 60, 4, 7, [1 2 3 4 5 6 7], [102 307 35 273 183 359 264], [359 273 35 307 102 264 183], 99, 6, 264, 6, 4.000153e+00, Time-out, 71, 193, -71, NA
103, 3, INF, Left, 2, Precision, 2, 61, 4, 7, [3 4 5 6 7 8 9], [308 71 133 214 234 73 176], [71 73 234 176 308 214 133], 99, 7, 133, 9, 1.725267e+00, 1725, 4, 129, -4, NA
103, 3, INF, Left, 2, Precision, 2, 62, 1, 1, 6, 90, 90, 99, 1, 90, 6, 1.102595e+00, 1103, 21, 69, -21, NA
103, 3, INF, Left, 2, Precision, 2, 63, 1, 1, 5, 287, 287, 99, 1, 287, 5, 1.127813e+00, 1128, 38, 325, 38, NA
103, 3, INF, Left, 2, Precision, 2, 64, 2, 3, [1 2 3], [342 191 46], [191 342 46], 99, 3, 46, 3, 2.248192e+00, 2248, 2, 44, -2, NA
103, 3, INF, Left, 2, Precision, 2, 65, 4, 7, [1 2 3 4 5 6 7], [242 3 210 167 196 16 76], [16 167 242 3 196 210 76], 99, 2, 167, 2, 1.881076e+00, 1881, 146, 21, -146, NA
103, 3, INF, Left, 2, Precision, 2, 66, 3, 5, [1 2 3 4 5], [29 169 285 319 155], [285 169 155 319 29], 99, 5, 29, 5, 1.746052e+00, 1746, 8, 21, -8, NA
103, 3, INF, Left, 2, Precision, 2, 67, 4, 7, [2 3 4 5 6 7 8], [288 74 83 165 148 105 118], [105 118 74 83 288 148 165], 99, 1, 105, 2, 2.979424e+00, 2979, 78, 183, 78, NA
103, 3, INF, Left, 2, Precision, 2, 68, 1, 1, 7, 267, 267, 99, 1, 267, 7, 1.277569e+00, 1278, 6, 273, 6, NA
103, 3, INF, Left, 2, Precision, 2, 69, 2, 3, [5 6 7], [39 176 182], [39 176 182], 99, 1, 39, 5, 1.605865e+00, 1606, 8, 31, -8, NA
103, 3, INF, Left, 2, Precision, 2, 70, 2, 3, [1 2 3], [208 172 277], [208 277 172], 99, 1, 208, 1, 1.496294e+00, 1496, 12, 220, 12, NA
103, 3, INF, Left, 2, Precision, 2, 71, 1, 1, 5, 278, 278, 99, 1, 278, 5, 1.425062e+00, 1425, 1, 277, -1, NA
103, 3, INF, Left, 2, Precision, 2, 72, 4, 7, [2 3 4 5 6 7 8], [313 110 327 42 282 43 223], [313 282 223 110 327 43 42], 99, 1, 313, 2, 1.905816e+00, 1906, 45, 268, -45, NA
103, 3, INF, Left, 1, SpatialChangeDetection, 3, 1, 4, 7, [3 4 5 6 7 8 9], [1 41 81 121 161 201 241 281 320], [320 281 81 201 121 41 1], 2, 3, 81, 9, 7.569048e-01, 757, 1, d, NA, lure
103, 3, INF, Left, 1, SpatialChangeDetection, 3, 2, 3, 5, [5 6 7 8 9], [1 41 81 121 161 201 241 281 320], [241 81 201 121 161], 2, 9, 1, 9, 5.269147e-01, 527, 1, d, NA, novel non-match
103, 3, INF, Left, 1, SpatialChangeDetection, 3, 3, 1, 1, 7, [1 41 81 121 161 201 241 281 320], 201, 1, 1, 201, 7, 1.336796e+00, 1337, 1, s, NA, match
103, 3, INF, Left, 1, SpatialChangeDetection, 3, 4, 1, 1, 6, [1 41 81 121 161 201 241 281 320], 320, 2, 9, 161, 6, 4.013406e-01, 401, 1, d, NA, novel non-match
103, 3, INF, Left, 1, SpatialChangeDetection, 3, 5, 4, 7, [3 4 5 6 7 8 9], [1 41 81 121 161 201 241 281 320], [1 320 81 121 281 241 161], 2, 9, 41, 4, 8.830250e-01, 883, 1, d, NA, novel non-match
103, 3, INF, Left, 1, SpatialChangeDetection, 3, 6, 3, 5, [1 2 3 4 5], [1 41 81 121 161 201 241 281 320], [241 161 320 41 121], 1, 1, 241, 1, 8.117985e-01, 812, 1, s, NA, match
103, 3, INF, Left, 1, SpatialChangeDetection, 3, 7, 4, 7, [1 2 3 4 5 6 7], [1 41 81 121 161 201 241 281 320], [1 81 241 121 161 281 320], 1, 1, 1, 1, 1.142032e+00, 1142, 1, s, NA, match
103, 3, INF, Left, 1, SpatialChangeDetection, 3, 8, 4, 7, [3 4 5 6 7 8 9], [1 41 81 121 161 201 241 281 320], [241 281 161 320 201 81 121], 2, 9, 1, 6, 999, 999000, 0, NA, NA, novel non-match
103, 3, INF, Left, 1, SpatialChangeDetection, 3, 9, 4, 7, [2 3 4 5 6 7 8], [1 41 81 121 161 201 241 281 320], [161 281 81 320 41 1 201], 1, 2, 281, 3, 7.125001e-01, 713, 0, d, NA, match
103, 3, INF, Left, 1, SpatialChangeDetection, 3, 10, 4, 7, [2 3 4 5 6 7 8], [1 41 81 121 161 201 241 281 320], [320 241 121 41 281 161 201], 1, 7, 201, 8, 6.815289e-01, 682, 1, s, NA, match
103, 3, INF, Left, 1, SpatialChangeDetection, 3, 11, 2, 3, [7 8 9], [1 41 81 121 161 201 241 281 320], [41 121 201], 1, 3, 201, 9, 7.462265e-01, 746, 1, s, NA, match
103, 3, INF, Left, 1, SpatialChangeDetection, 3, 12, 1, 1, 2, [1 41 81 121 161 201 241 281 320], 201, 1, 1, 201, 2, 5.966841e-01, 597, 1, s, NA, match
103, 3, INF, Left, 1, SpatialChangeDetection, 3, 13, 3, 5, [2 3 4 5 6], [1 41 81 121 161 201 241 281 320], [1 41 241 320 201], 2, 9, 281, 4, 7.093122e-01, 709, 1, d, NA, novel non-match
103, 3, INF, Left, 1, SpatialChangeDetection, 3, 14, 4, 7, [1 2 3 4 5 6 7], [1 41 81 121 161 201 241 281 320], [201 1 161 81 241 121 320], 1, 4, 81, 4, 9.267441e-01, 927, 0, d, NA, match
103, 3, INF, Left, 1, SpatialChangeDetection, 3, 15, 4, 7, [2 3 4 5 6 7 8], [1 41 81 121 161 201 241 281 320], [241 161 81 281 320 201 121], 2, 7, 121, 5, 8.562941e-01, 856, 1, d, NA, lure
103, 3, INF, Left, 1, SpatialChangeDetection, 3, 16, 3, 5, [2 3 4 5 6], [1 41 81 121 161 201 241 281 320], [281 161 1 121 201], 2, 5, 201, 4, 1.017339e+00, 1017, 1, d, NA, lure
103, 3, INF, Left, 1, SpatialChangeDetection, 3, 17, 2, 3, [2 3 4], [1 41 81 121 161 201 241 281 320], [41 81 1], 1, 1, 41, 2, 8.188531e-01, 819, 1, s, NA, match
103, 3, INF, Left, 1, SpatialChangeDetection, 3, 18, 1, 1, 1, [1 41 81 121 161 201 241 281 320], 320, 2, 9, 81, 1, 4.365449e-01, 437, 1, d, NA, novel non-match
103, 3, INF, Left, 1, SpatialChangeDetection, 3, 19, 1, 1, 3, [1 41 81 121 161 201 241 281 320], 281, 1, 1, 281, 3, 8.452679e-01, 845, 1, s, NA, match
103, 3, INF, Left, 1, SpatialChangeDetection, 3, 20, 4, 7, [2 3 4 5 6 7 8], [1 41 81 121 161 201 241 281 320], [121 281 41 81 241 1 201], 2, 7, 201, 7, 7.993513e-01, 799, 1, d, NA, lure
103, 3, INF, Left, 1, SpatialChangeDetection, 3, 21, 2, 3, [2 3 4], [1 41 81 121 161 201 241 281 320], [241 281 201], 2, 9, 161, 2, 6.642659e-01, 664, 1, d, NA, novel non-match
103, 3, INF, Left, 1, SpatialChangeDetection, 3, 22, 1, 1, 1, [1 41 81 121 161 201 241 281 320], 281, 2, 9, 201, 1, 5.137681e-01, 514, 1, d, NA, novel non-match
103, 3, INF, Left, 1, SpatialChangeDetection, 3, 23, 1, 1, 1, [1 41 81 121 161 201 241 281 320], 1, 1, 1, 1, 1, 6.265684e-01, 627, 1, s, NA, match
103, 3, INF, Left, 1, SpatialChangeDetection, 3, 24, 3, 5, [2 3 4 5 6], [1 41 81 121 161 201 241 281 320], [201 161 320 1 81], 1, 4, 1, 5, 7.807504e-01, 781, 1, s, NA, match
103, 3, INF, Left, 1, SpatialChangeDetection, 3, 25, 2, 3, [7 8 9], [1 41 81 121 161 201 241 281 320], [281 121 320], 1, 2, 121, 8, 1.037648e+00, 1038, 1, s, NA, match
103, 3, INF, Left, 1, SpatialChangeDetection, 3, 26, 2, 3, [4 5 6], [1 41 81 121 161 201 241 281 320], [241 121 81], 1, 2, 121, 5, 7.353335e-01, 735, 0, d, NA, match
103, 3, INF, Left, 1, SpatialChangeDetection, 3, 27, 4, 7, [3 4 5 6 7 8 9], [1 41 81 121 161 201 241 281 320], [1 41 81 241 281 161 121], 1, 1, 1, 3, 1.384453e+00, 1384, 0, d, NA, match
103, 3, INF, Left, 1, SpatialChangeDetection, 3, 28, 3, 5, [2 3 4 5 6], [1 41 81 121 161 201 241 281 320], [241 41 121 281 320], 1, 5, 320, 6, 1.225913e+00, 1226, 1, s, NA, match
103, 3, INF, Left, 1, SpatialChangeDetection, 3, 29, 3, 5, [2 3 4 5 6], [1 41 81 121 161 201 241 281 320], [241 281 1 161 41], 1, 1, 241, 2, 1.026748e+00, 1027, 1, s, NA, match
103, 3, INF, Left, 1, SpatialChangeDetection, 3, 30, 2, 3, [2 3 4], [1 41 81 121 161 201 241 281 320], [161 1 281], 1, 3, 281, 4, 7.723298e-01, 772, 1, s, NA, match
103, 3, INF, Left, 1, SpatialChangeDetection, 3, 31, 2, 3, [1 2 3], [1 41 81 121 161 201 241 281 320], [161 41 320], 2, 3, 320, 2, 8.941284e-01, 894, 1, d, NA, lure
103, 3, INF, Left, 1, SpatialChangeDetection, 3, 32, 4, 7, [3 4 5 6 7 8 9], [1 41 81 121 161 201 241 281 320], [281 320 81 121 241 41 201], 1, 3, 81, 5, 6.867001e-01, 687, 0, d, NA, match
103, 3, INF, Left, 1, SpatialChangeDetection, 3, 33, 3, 5, [5 6 7 8 9], [1 41 81 121 161 201 241 281 320], [41 161 1 121 281], 2, 3, 1, 8, 1.168283e+00, 1168, 1, d, NA, lure
103, 3, INF, Left, 1, SpatialChangeDetection, 3, 34, 2, 3, [4 5 6], [1 41 81 121 161 201 241 281 320], [320 281 201], 2, 9, 81, 6, 5.295051e-01, 530, 1, d, NA, novel non-match
103, 3, INF, Left, 1, SpatialChangeDetection, 3, 35, 4, 7, [3 4 5 6 7 8 9], [1 41 81 121 161 201 241 281 320], [281 241 81 121 41 201 161], 2, 3, 81, 8, 7.384556e-01, 738, 1, d, NA, lure
103, 3, INF, Left, 1, SpatialChangeDetection, 3, 36, 2, 3, [3 4 5], [1 41 81 121 161 201 241 281 320], [161 81 121], 1, 1, 161, 3, 7.157744e-01, 716, 1, s, NA, match
103, 3, INF, Left, 1, SpatialChangeDetection, 3, 37, 1, 1, 7, [1 41 81 121 161 201 241 281 320], 320, 1, 1, 320, 7, 7.332589e-01, 733, 1, s, NA, match
103, 3, INF, Left, 1, SpatialChangeDetection, 3, 38, 2, 3, [3 4 5], [1 41 81 121 161 201 241 281 320], [201 121 161], 2, 3, 161, 3, 7.432709e-01, 743, 1, d, NA, lure
103, 3, INF, Left, 1, SpatialChangeDetection, 3, 39, 3, 5, [1 2 3 4 5], [1 41 81 121 161 201 241 281 320], [201 41 281 1 161], 1, 1, 201, 1, 7.364032e-01, 736, 1, s, NA, match
103, 3, INF, Left, 1, SpatialChangeDetection, 3, 40, 1, 1, 1, [1 41 81 121 161 201 241 281 320], 81, 1, 1, 81, 1, 4.332914e-01, 433, 1, s, NA, match
103, 3, INF, Left, 1, SpatialChangeDetection, 3, 41, 2, 3, [6 7 8], [1 41 81 121 161 201 241 281 320], [81 281 1], 2, 9, 241, 7, 5.710408e-01, 571, 1, d, NA, novel non-match
103, 3, INF, Left, 1, SpatialChangeDetection, 3, 42, 2, 3, [3 4 5], [1 41 81 121 161 201 241 281 320], [241 41 320], 1, 2, 41, 4, 8.761314e-01, 876, 1, s, NA, match
103, 3, INF, Left, 1, SpatialChangeDetection, 3, 43, 1, 1, 1, [1 41 81 121 161 201 241 281 320], 281, 1, 1, 281, 1, 4.457791e-01, 446, 1, s, NA, match
103, 3, INF, Left, 1, SpatialChangeDetection, 3, 44, 4, 7, [2 3 4 5 6 7 8], [1 41 81 121 161 201 241 281 320], [1 241 121 201 161 281 320], 1, 2, 241, 3, 7.189926e-01, 719, 0, d, NA, match
103, 3, INF, Left, 1, SpatialChangeDetection, 3, 45, 1, 1, 9, [1 41 81 121 161 201 241 281 320], 41, 2, 9, 161, 9, 7.279436e-01, 728, 1, d, NA, novel non-match
103, 3, INF, Left, 1, SpatialChangeDetection, 3, 46, 2, 3, [7 8 9], [1 41 81 121 161 201 241 281 320], [281 201 241], 1, 3, 241, 9, 9.380007e-01, 938, 1, s, NA, match
103, 3, INF, Left, 1, SpatialChangeDetection, 3, 47, 1, 1, 6, [1 41 81 121 161 201 241 281 320], 320, 2, 9, 41, 6, 5.391186e-01, 539, 1, d, NA, novel non-match
103, 3, INF, Left, 1, SpatialChangeDetection, 3, 48, 3, 5, [5 6 7 8 9], [1 41 81 121 161 201 241 281 320], [281 41 241 121 201], 1, 4, 121, 8, 8.843916e-01, 884, 0, d, NA, match
103, 3, INF, Left, 1, SpatialChangeDetection, 3, 49, 1, 1, 7, [1 41 81 121 161 201 241 281 320], 81, 2, 9, 201, 7, 4.375873e-01, 438, 1, d, NA, novel non-match
103, 3, INF, Left, 1, SpatialChangeDetection, 3, 50, 1, 1, 2, [1 41 81 121 161 201 241 281 320], 241, 2, 9, 281, 2, 4.630651e-01, 463, 1, d, NA, novel non-match
103, 3, INF, Left, 1, SpatialChangeDetection, 3, 51, 3, 5, [3 4 5 6 7], [1 41 81 121 161 201 241 281 320], [201 41 281 121 320], 2, 4, 121, 3, 7.124306e-01, 712, 1, d, NA, lure
103, 3, INF, Left, 1, SpatialChangeDetection, 3, 52, 3, 5, [4 5 6 7 8], [1 41 81 121 161 201 241 281 320], [1 241 41 320 201], 2, 9, 81, 5, 6.977464e-01, 698, 1, d, NA, novel non-match
103, 3, INF, Left, 1, SpatialChangeDetection, 3, 53, 4, 7, [2 3 4 5 6 7 8], [1 41 81 121 161 201 241 281 320], [81 41 161 241 1 281 201], 2, 9, 121, 8, 6.754517e-01, 675, 1, d, NA, novel non-match
103, 3, INF, Left, 1, SpatialChangeDetection, 3, 54, 2, 3, [4 5 6], [1 41 81 121 161 201 241 281 320], [81 320 201], 1, 1, 81, 4, 6.837103e-01, 684, 1, s, NA, match
103, 3, INF, Left, 1, SpatialChangeDetection, 3, 55, 4, 7, [1 2 3 4 5 6 7], [1 41 81 121 161 201 241 281 320], [241 201 1 81 161 320 121], 2, 7, 121, 1, 6.538169e-01, 654, 1, d, NA, lure
103, 3, INF, Left, 1, SpatialChangeDetection, 3, 56, 4, 7, [2 3 4 5 6 7 8], [1 41 81 121 161 201 241 281 320], [121 1 161 81 41 201 320], 1, 7, 320, 8, 1.071285e+00, 1071, 1, s, NA, match
103, 3, INF, Left, 1, SpatialChangeDetection, 3, 57, 3, 5, [3 4 5 6 7], [1 41 81 121 161 201 241 281 320], [161 281 121 241 81], 1, 5, 81, 7, 5.358316e-01, 536, 1, s, NA, match
103, 3, INF, Left, 1, SpatialChangeDetection, 3, 58, 1, 1, 8, [1 41 81 121 161 201 241 281 320], 281, 1, 1, 281, 8, 6.489860e-01, 649, 1, s, NA, match
103, 3, INF, Left, 1, SpatialChangeDetection, 3, 59, 4, 7, [2 3 4 5 6 7 8], [1 41 81 121 161 201 241 281 320], [320 1 201 281 81 161 121], 2, 9, 241, 6, 6.504162e-01, 650, 1, d, NA, novel non-match
103, 3, INF, Left, 1, SpatialChangeDetection, 3, 60, 3, 5, [5 6 7 8 9], [1 41 81 121 161 201 241 281 320], [1 81 41 201 320], 2, 9, 121, 9, 7.159389e-01, 716, 1, d, NA, novel non-match
103, 3, INF, Left, 1, SpatialChangeDetection, 3, 61, 2, 3, [1 2 3], [1 41 81 121 161 201 241 281 320], [201 81 320], 2, 9, 281, 3, 1.053718e+00, 1054, 0, s, NA, novel non-match
103, 3, INF, Left, 1, SpatialChangeDetection, 3, 62, 3, 5, [5 6 7 8 9], [1 41 81 121 161 201 241 281 320], [1 281 201 161 81], 1, 2, 281, 6, 7.676303e-01, 768, 1, s, NA, match
103, 3, INF, Left, 1, SpatialChangeDetection, 3, 63, 2, 3, [7 8 9], [1 41 81 121 161 201 241 281 320], [121 161 1], 2, 9, 281, 8, 1.024119e+00, 1024, 1, d, NA, novel non-match
103, 3, INF, Left, 1, SpatialChangeDetection, 3, 64, 1, 1, 7, [1 41 81 121 161 201 241 281 320], 320, 2, 9, 81, 7, 7.775999e-01, 778, 1, d, NA, novel non-match
103, 3, INF, Left, 1, SpatialChangeDetection, 3, 65, 4, 7, [3 4 5 6 7 8 9], [1 41 81 121 161 201 241 281 320], [81 1 241 41 281 201 121], 2, 9, 161, 7, 8.029284e-01, 803, 1, d, NA, novel non-match
103, 3, INF, Left, 1, SpatialChangeDetection, 3, 66, 2, 3, [1 2 3], [1 41 81 121 161 201 241 281 320], [161 1 81], 1, 1, 161, 1, 6.041892e-01, 604, 1, s, NA, match
103, 3, INF, Left, 1, SpatialChangeDetection, 3, 67, 3, 5, [5 6 7 8 9], [1 41 81 121 161 201 241 281 320], [1 281 201 320 81], 1, 4, 320, 8, 7.417392e-01, 742, 1, s, NA, match
103, 3, INF, Left, 1, SpatialChangeDetection, 3, 68, 1, 1, 3, [1 41 81 121 161 201 241 281 320], 81, 2, 9, 121, 3, 9.428221e-01, 943, 0, s, NA, novel non-match
103, 3, INF, Left, 1, SpatialChangeDetection, 3, 69, 2, 3, [5 6 7], [1 41 81 121 161 201 241 281 320], [161 281 41], 2, 3, 41, 5, 7.439062e-01, 744, 1, d, NA, lure
103, 3, INF, Left, 1, SpatialChangeDetection, 3, 70, 1, 1, 7, [1 41 81 121 161 201 241 281 320], 241, 1, 1, 241, 7, 6.741645e-01, 674, 1, s, NA, match
103, 3, INF, Left, 1, SpatialChangeDetection, 3, 71, 3, 5, [4 5 6 7 8], [1 41 81 121 161 201 241 281 320], [320 41 121 161 281], 1, 5, 281, 8, 5.950241e-01, 595, 1, s, NA, match
103, 3, INF, Left, 1, SpatialChangeDetection, 3, 72, 3, 5, [2 3 4 5 6], [1 41 81 121 161 201 241 281 320], [320 281 1 81 201], 2, 4, 81, 2, 6.205436e-01, 621, 1, d, NA, lure
103, 3, INF, Left, 2, Precision, 4, 1, 3, 5, [4 5 6 7 8], [45 107 18 218 173], [45 18 218 173 107], 99, 2, 18, 5, 2.536304e+00, 2536, 7, 25, 7, NA
103, 3, INF, Left, 2, Precision, 4, 2, 4, 7, [3 4 5 6 7 8 9], [187 208 99 310 218 269 153], [218 153 99 310 187 208 269], 99, 4, 310, 6, 2.064502e+00, 2065, 40, 350, 40, NA
103, 3, INF, Left, 2, Precision, 4, 3, 1, 1, 4, 159, 159, 99, 1, 159, 4, 1.209451e+00, 1209, 15, 174, 15, NA
103, 3, INF, Left, 2, Precision, 4, 4, 4, 7, [2 3 4 5 6 7 8], [195 85 152 166 250 335 319], [152 335 250 166 195 85 319], 99, 6, 85, 7, 1.835304e+00, 1835, 124, 321, -124, NA
103, 3, INF, Left, 2, Precision, 4, 5, 2, 3, [1 2 3], [107 339 295], [107 295 339], 99, 3, 339, 3, 1.707542e+00, 1708, 10, 349, 10, NA
103, 3, INF, Left, 2, Precision, 4, 6, 2, 3, [1 2 3], [261 297 213], [213 297 261], 99, 1, 213, 1, 1.604333e+00, 1604, 6, 207, -6, NA
103, 3, INF, Left, 2, Precision, 4, 7, 3, 5, [3 4 5 6 7], [171 57 85 319 177], [177 319 171 57 85], 99, 5, 85, 7, 1.878430e+00, 1878, 8, 93, 8, NA
103, 3, INF, Left, 2, Precision, 4, 8, 4, 7, [3 4 5 6 7 8 9], [75 206 172 301 279 293 193], [301 193 75 172 206 293 279], 99, 2, 193, 4, 2.007267e+00, 2007, 100, 293, 100, NA
103, 3, INF, Left, 2, Precision, 4, 9, 2, 3, [1 2 3], [291 25 177], [25 177 291], 99, 2, 177, 2, 2.864477e+00, 2864, 12, 189, 12, NA
103, 3, INF, Left, 2, Precision, 4, 10, 2, 3, [3 4 5], [114 250 328], [114 250 328], 99, 3, 328, 5, 1.305488e+00, 1305, -9311, 9999, NoResp, NA
103, 3, INF, Left, 2, Precision, 4, 11, 3, 5, [3 4 5 6 7], [350 303 66 113 305], [66 350 113 303 305], 99, 3, 113, 5, 1.723423e+00, 1723, 107, 6, -107, NA
103, 3, INF, Left, 2, Precision, 4, 12, 3, 5, [1 2 3 4 5], [223 295 50 354 108], [295 223 50 354 108], 99, 5, 108, 5, 1.836240e+00, 1836, 30, 138, 30, NA
103, 3, INF, Left, 2, Precision, 4, 13, 1, 1, 3, 36, 36, 99, 1, 36, 3, 1.476322e+00, 1476, 14, 22, -14, NA
103, 3, INF, Left, 2, Precision, 4, 14, 3, 5, [2 3 4 5 6], [96 228 44 95 139], [96 95 44 139 228], 99, 4, 139, 5, 1.965486e+00, 1965, 36, 103, -36, NA
103, 3, INF, Left, 2, Precision, 4, 15, 4, 7, [2 3 4 5 6 7 8], [39 183 80 150 139 34 327], [150 327 183 39 139 34 80], 99, 1, 150, 2, 2.030492e+00, 2030, 5, 145, -5, NA
103, 3, INF, Left, 2, Precision, 4, 16, 4, 7, [2 3 4 5 6 7 8], [230 150 216 107 116 14 300], [230 14 107 300 150 216 116], 99, 2, 14, 3, 2.104063e+00, 2104, 166, 208, -166, NA
103, 3, INF, Left, 2, Precision, 4, 17, 1, 1, 6, 249, 249, 99, 1, 249, 6, 1.872584e+00, 1873, 5, 254, 5, NA
103, 3, INF, Left, 2, Precision, 4, 18, 3, 5, [5 6 7 8 9], [6 335 42 145 86], [42 6 86 145 335], 99, 4, 145, 8, 2.490265e+00, 2490, 175, 330, -175, NA
103, 3, INF, Left, 2, Precision, 4, 19, 3, 5, [4 5 6 7 8], [147 109 319 320 329], [147 109 320 329 319], 99, 1, 147, 4, 1.850712e+00, 1851, 74, 221, 74, NA
103, 3, INF, Left, 2, Precision, 4, 20, 1, 1, 3, 222, 222, 99, 1, 222, 3, 1.588490e+00, 1588, 3, 225, 3, NA
103, 3, INF, Left, 2, Precision, 4, 21, 4, 7, [1 2 3 4 5 6 7], [79 58 164 288 249 301 232], [79 288 301 58 164 249 232], 99, 1, 79, 1, 1.692702e+00, 1693, 34, 45, -34, NA
103, 3, INF, Left, 2, Precision, 4, 22, 2, 3, [7 8 9], [129 342 155], [155 342 129], 99, 3, 129, 9, 1.894361e+00, 1894, 0, 129, 0, NA
103, 3, INF, Left, 2, Precision, 4, 23, 1, 1, 2, 324, 324, 99, 1, 324, 2, 1.287841e+00, 1288, 1, 323, -1, NA
103, 3, INF, Left, 2, Precision, 4, 24, 3, 5, [1 2 3 4 5], [147 154 41 265 69], [154 41 147 265 69], 99, 4, 265, 4, 1.729547e+00, 1730, 2, 267, 2, NA
103, 3, INF, Left, 2, Precision, 4, 25, 4, 7, [2 3 4 5 6 7 8], [15 5 332 316 35 327 21], [35 21 15 332 327 316 5], 99, 1, 35, 2, 1.794461e+00, 1794, 13, 22, -13, NA
103, 3, INF, Left, 2, Precision, 4, 26, 3, 5, [5 6 7 8 9], [45 313 342 357 360], [313 45 357 342 360], 99, 1, 313, 5, 1.443799e+00, 1444, 17, 296, -17, NA
103, 3, INF, Left, 2, Precision, 4, 27, 2, 3, [7 8 9], [41 61 245], [41 245 61], 99, 2, 245, 8, 1.549168e+00, 1549, 5, 240, -5, NA
103, 3, INF, Left, 2, Precision, 4, 28, 2, 3, [3 4 5], [24 159 293], [293 159 24], 99, 2, 159, 4, 1.766016e+00, 1766, 127, 32, -127, NA
103, 3, INF, Left, 2, Precision, 4, 29, 3, 5, [2 3 4 5 6], [19 191 79 48 187], [48 79 187 19 191], 99, 1, 48, 2, 1.933984e+00, 1934, 19, 29, -19, NA
103, 3, INF, Left, 2, Precision, 4, 30, 2, 3, [3 4 5], [108 309 359], [309 108 359], 99, 1, 309, 3, 1.703185e+00, 1703, 4, 305, -4, NA
103, 3, INF, Left, 2, Precision, 4, 31, 2, 3, [5 6 7], [275 217 112], [275 112 217], 99, 3, 217, 7, 1.903771e+00, 1904, 22, 239, 22, NA
103, 3, INF, Left, 2, Precision, 4, 32, 2, 3, [1 2 3], [187 26 194], [26 187 194], 99, 1, 26, 1, 4.000420e+00, Time-out, 1, 25, -1, NA
103, 3, INF, Left, 2, Precision, 4, 33, 2, 3, [3 4 5], [16 221 195], [221 16 195], 99, 2, 16, 4, 3.889308e+00, 3889, 9, 25, 9, NA
103, 3, INF, Left, 2, Precision, 4, 34, 4, 7, [2 3 4 5 6 7 8], [139 342 170 79 194 294 197], [294 197 139 194 170 342 79], 99, 6, 342, 7, 2.171664e+00, 2172, 141, 123, 141, NA
103, 3, INF, Left, 2, Precision, 4, 35, 4, 7, [3 4 5 6 7 8 9], [271 300 240 39 229 91 113], [91 271 39 229 300 240 113], 99, 6, 240, 8, 1.668185e+00, 1668, 2, 238, -2, NA
103, 3, INF, Left, 2, Precision, 4, 36, 1, 1, 5, 191, 191, 99, 1, 191, 5, 1.196878e+00, 1197, 3, 194, 3, NA
103, 3, INF, Left, 2, Precision, 4, 37, 1, 1, 3, 16, 16, 99, 1, 16, 3, 1.510120e+00, 1510, 1, 17, 1, NA
103, 3, INF, Left, 2, Precision, 4, 38, 1, 1, 6, 32, 32, 99, 1, 32, 6, 1.679902e+00, 1680, 3, 29, -3, NA
103, 3, INF, Left, 2, Precision, 4, 39, 2, 3, [3 4 5], [151 105 138], [105 151 138], 99, 3, 138, 5, 1.888469e+00, 1888, 2, 140, 2, NA
103, 3, INF, Left, 2, Precision, 4, 40, 3, 5, [2 3 4 5 6], [221 50 19 240 170], [170 19 240 221 50], 99, 2, 19, 3, 2.866045e+00, 2866, 17, 36, 17, NA
103, 3, INF, Left, 2, Precision, 4, 41, 4, 7, [3 4 5 6 7 8 9], [198 259 145 191 50 358 100], [50 259 358 100 198 191 145], 99, 7, 145, 9, 1.938849e+00, 1939, 116, 29, -116, NA
103, 3, INF, Left, 2, Precision, 4, 42, 3, 5, [5 6 7 8 9], [49 116 211 175 275], [175 116 211 49 275], 99, 2, 116, 6, 1.820742e+00, 1821, 79, 195, 79, NA
103, 3, INF, Left, 2, Precision, 4, 43, 2, 3, [3 4 5], [164 359 77], [77 359 164], 99, 1, 77, 3, 1.703221e+00, 1703, 36, 41, -36, NA
103, 3, INF, Left, 2, Precision, 4, 44, 1, 1, 2, 189, 189, 99, 1, 189, 2, 1.871347e+00, 1871, 1, 188, -1, NA
103, 3, INF, Left, 2, Precision, 4, 45, 3, 5, [2 3 4 5 6], [331 135 77 260 122], [331 135 122 260 77], 99, 5, 77, 6, 2.400862e+00, 2401, 30, 47, -30, NA
103, 3, INF, Left, 2, Precision, 4, 46, 3, 5, [5 6 7 8 9], [333 267 289 182 82], [82 182 333 289 267], 99, 3, 333, 7, 1.952600e+00, 1953, 52, 281, -52, NA
103, 3, INF, Left, 2, Precision, 4, 47, 1, 1, 5, 228, 228, 99, 1, 228, 5, 1.834264e+00, 1834, 1, 227, -1, NA
103, 3, INF, Left, 2, Precision, 4, 48, 1, 1, 8, 169, 169, 99, 1, 169, 8, 1.890052e+00, 1890, 14, 183, 14, NA
103, 3, INF, Left, 2, Precision, 4, 49, 2, 3, [1 2 3], [56 54 354], [56 354 54], 99, 1, 56, 1, 1.535458e+00, 1535, 13, 43, -13, NA
103, 3, INF, Left, 2, Precision, 4, 50, 4, 7, [2 3 4 5 6 7 8], [6 24 176 25 108 139 307], [25 6 139 108 307 24 176], 99, 1, 25, 2, 1.488070e+00, 1488, 2, 23, -2, NA
103, 3, INF, Left, 2, Precision, 4, 51, 3, 5, [4 5 6 7 8], [352 79 160 314 28], [160 28 352 314 79], 99, 3, 352, 6, 2.373053e+00, 2373, 180, 172, 180, NA
103, 3, INF, Left, 2, Precision, 4, 52, 4, 7, [3 4 5 6 7 8 9], [176 38 340 260 154 99 23], [38 260 340 176 99 23 154], 99, 3, 340, 5, 2.086790e+00, 2087, 68, 272, -68, NA
103, 3, INF, Left, 2, Precision, 4, 53, 2, 3, [5 6 7], [341 325 246], [246 341 325], 99, 1, 246, 5, 1.407757e+00, 1408, 9, 237, -9, NA
103, 3, INF, Left, 2, Precision, 4, 54, 2, 3, [1 2 3], [195 33 91], [33 91 195], 99, 3, 195, 3, 3.929836e+00, 3930, 17, 212, 17, NA
103, 3, INF, Left, 2, Precision, 4, 55, 4, 7, [2 3 4 5 6 7 8], [188 277 128 298 95 183 108], [95 277 128 188 298 108 183], 99, 4, 188, 5, 2.209514e+00, 2210, 49, 139, -49, NA
103, 3, INF, Left, 2, Precision, 4, 56, 4, 7, [2 3 4 5 6 7 8], [155 301 121 149 298 271 215], [298 215 121 149 271 155 301], 99, 5, 271, 6, 2.035576e+00, 2036, 18, 289, 18, NA
103, 3, INF, Left, 2, Precision, 4, 57, 1, 1, 3, 248, 248, 99, 1, 248, 3, 1.340755e+00, 1341, 7, 255, 7, NA
103, 3, INF, Left, 2, Precision, 4, 58, 3, 5, [1 2 3 4 5], [64 199 106 281 113], [113 281 64 199 106], 99, 3, 64, 3, 2.117007e+00, 2117, 62, 126, 62, NA
103, 3, INF, Left, 2, Precision, 4, 59, 4, 7, [2 3 4 5 6 7 8], [94 263 256 47 358 277 32], [256 94 358 277 263 47 32], 99, 4, 277, 5, 1.718620e+00, 1719, 25, 252, -25, NA
103, 3, INF, Left, 2, Precision, 4, 60, 1, 1, 4, 216, 216, 99, 1, 216, 4, 1.550726e+00, 1551, 8, 224, 8, NA
103, 3, INF, Left, 2, Precision, 4, 61, 3, 5, [3 4 5 6 7], [337 329 285 241 173], [173 337 329 241 285], 99, 1, 173, 3, 1.591233e+00, 1591, 5, 178, 5, NA
103, 3, INF, Left, 2, Precision, 4, 62, 1, 1, 7, 338, 338, 99, 1, 338, 7, 4.000272e+00, Time-out, 0, 338, 0, NA
103, 3, INF, Left, 2, Precision, 4, 63, 1, 1, 9, 58, 58, 99, 1, 58, 9, 2.018363e+00, 2018, 3, 55, -3, NA
103, 3, INF, Left, 2, Precision, 4, 64, 2, 3, [4 5 6], [136 171 2], [136 2 171], 99, 1, 136, 4, 2.850540e+00, 2851, 12, 124, -12, NA
103, 3, INF, Left, 2, Precision, 4, 65, 4, 7, [3 4 5 6 7 8 9], [270 165 178 81 14 184 126], [14 165 184 126 81 270 178], 99, 6, 270, 8, 1.580238e+00, 1580, 87, 183, -87, NA
103, 3, INF, Left, 2, Precision, 4, 66, 1, 1, 7, 146, 146, 99, 1, 146, 7, 1.525157e+00, 1525, 6, 140, -6, NA
103, 3, INF, Left, 2, Precision, 4, 67, 4, 7, [3 4 5 6 7 8 9], [357 53 238 41 186 194 335], [53 335 194 186 238 41 357], 99, 5, 238, 7, 1.822140e+00, 1822, 151, 29, 151, NA
103, 3, INF, Left, 2, Precision, 4, 68, 1, 1, 2, 107, 107, 99, 1, 107, 2, 1.727062e+00, 1727, 24, 131, 24, NA
103, 3, INF, Left, 2, Precision, 4, 69, 1, 1, 3, 233, 233, 99, 1, 233, 3, 1.785161e+00, 1785, 3, 236, 3, NA
103, 3, INF, Left, 2, Precision, 4, 70, 4, 7, [3 4 5 6 7 8 9], [198 175 17 325 295 1 159], [1 198 325 17 295 159 175], 99, 1, 1, 3, 1.385199e+00, 1385, 1, 360, -1, NA
103, 3, INF, Left, 2, Precision, 4, 71, 2, 3, [2 3 4], [179 254 41], [41 254 179], 99, 2, 254, 3, 1.498809e+00, 1499, 1, 253, -1, NA
103, 3, INF, Left, 2, Precision, 4, 72, 3, 5, [1 2 3 4 5], [41 213 161 313 88], [161 41 88 313 213], 99, 3, 88, 3, 2.091181e+00, 2091, 59, 29, -59, NA
103, 3, INF, Left, 1, SpatialChangeDetection, 5, 1, 3, 5, [5 6 7 8 9], [1 41 81 121 161 201 241 281 320], [121 320 281 81 161], 2, 9, 241, 9, 5.831692e-01, 583, 1, d, NA, novel non-match
103, 3, INF, Left, 1, SpatialChangeDetection, 5, 2, 1, 1, 8, [1 41 81 121 161 201 241 281 320], 161, 2, 9, 201, 8, 4.966450e-01, 497, 1, d, NA, novel non-match
103, 3, INF, Left, 1, SpatialChangeDetection, 5, 3, 4, 7, [2 3 4 5 6 7 8], [1 41 81 121 161 201 241 281 320], [241 320 1 121 281 41 161], 1, 1, 241, 2, 6.740258e-01, 674, 1, s, NA, match
103, 3, INF, Left, 1, SpatialChangeDetection, 5, 4, 4, 7, [2 3 4 5 6 7 8], [1 41 81 121 161 201 241 281 320], [241 1 81 41 121 320 161], 1, 1, 241, 2, 6.593766e-01, 659, 1, s, NA, match
103, 3, INF, Left, 1, SpatialChangeDetection, 5, 5, 4, 7, [2 3 4 5 6 7 8], [1 41 81 121 161 201 241 281 320], [201 161 241 281 1 121 320], 1, 3, 241, 4, 7.083059e-01, 708, 0, d, NA, match
103, 3, INF, Left, 1, SpatialChangeDetection, 5, 6, 4, 7, [2 3 4 5 6 7 8], [1 41 81 121 161 201 241 281 320], [161 81 1 121 41 241 281], 2, 7, 281, 7, 7.182171e-01, 718, 1, d, NA, lure
103, 3, INF, Left, 1, SpatialChangeDetection, 5, 7, 2, 3, [6 7 8], [1 41 81 121 161 201 241 281 320], [241 320 281], 2, 9, 161, 7, 7.588280e-01, 759, 1, d, NA, novel non-match
103, 3, INF, Left, 1, SpatialChangeDetection, 5, 8, 2, 3, [5 6 7], [1 41 81 121 161 201 241 281 320], [241 161 201], 2, 9, 81, 6, 5.437447e-01, 544, 1, d, NA, novel non-match
103, 3, INF, Left, 1, SpatialChangeDetection, 5, 9, 2, 3, [3 4 5], [1 41 81 121 161 201 241 281 320], [1 320 81], 2, 2, 320, 3, 7.374863e-01, 737, 1, d, NA, lure
103, 3, INF, Left, 1, SpatialChangeDetection, 5, 10, 4, 7, [2 3 4 5 6 7 8], [1 41 81 121 161 201 241 281 320], [241 161 41 281 121 201 320], 2, 9, 81, 7, 6.349172e-01, 635, 1, d, NA, novel non-match
103, 3, INF, Left, 1, SpatialChangeDetection, 5, 11, 3, 5, [5 6 7 8 9], [1 41 81 121 161 201 241 281 320], [320 121 201 41 161], 2, 9, 241, 6, 4.519498e-01, 452, 1, d, NA, novel non-match
103, 3, INF, Left, 1, SpatialChangeDetection, 5, 12, 2, 3, [7 8 9], [1 41 81 121 161 201 241 281 320], [121 241 161], 1, 1, 121, 7, 7.656758e-01, 766, 1, s, NA, match
103, 3, INF, Left, 1, SpatialChangeDetection, 5, 13, 2, 3, [7 8 9], [1 41 81 121 161 201 241 281 320], [81 320 161], 2, 9, 1, 8, 5.428475e-01, 543, 1, d, NA, novel non-match
103, 3, INF, Left, 1, SpatialChangeDetection, 5, 14, 3, 5, [1 2 3 4 5], [1 41 81 121 161 201 241 281 320], [81 41 241 201 281], 1, 4, 201, 4, 5.847081e-01, 585, 0, d, NA, match
103, 3, INF, Left, 1, SpatialChangeDetection, 5, 15, 1, 1, 8, [1 41 81 121 161 201 241 281 320], 201, 2, 9, 241, 8, 5.783155e-01, 578, 1, d, NA, novel non-match
103, 3, INF, Left, 1, SpatialChangeDetection, 5, 16, 3, 5, [2 3 4 5 6], [1 41 81 121 161 201 241 281 320], [1 41 281 121 241], 2, 9, 161, 6, 6.745961e-01, 675, 1, d, NA, novel non-match
103, 3, INF, Left, 1, SpatialChangeDetection, 5, 17, 3, 5, [1 2 3 4 5], [1 41 81 121 161 201 241 281 320], [81 241 41 281 121], 1, 1, 81, 1, 7.804702e-01, 780, 1, s, NA, match
103, 3, INF, Left, 1, SpatialChangeDetection, 5, 18, 1, 1, 9, [1 41 81 121 161 201 241 281 320], 81, 1, 1, 81, 9, 5.020993e-01, 502, 1, s, NA, match
103, 3, INF, Left, 1, SpatialChangeDetection, 5, 19, 2, 3, [1 2 3], [1 41 81 121 161 201 241 281 320], [41 161 81], 2, 3, 81, 1, 9.430608e-01, 943, 1, d, NA, lure
103, 3, INF, Left, 1, SpatialChangeDetection, 5, 20, 1, 1, 5, [1 41 81 121 161 201 241 281 320], 41, 2, 9, 281, 5, 1.008157e+00, 1008, 1, d, NA, novel non-match
103, 3, INF, Left, 1, SpatialChangeDetection, 5, 21, 2, 3, [4 5 6], [1 41 81 121 161 201 241 281 320], [281 1 41], 2, 9, 320, 4, 8.256682e-01, 826, 1, d, NA, novel non-match
103, 3, INF, Left, 1, SpatialChangeDetection, 5, 22, 1, 1, 6, [1 41 81 121 161 201 241 281 320], 1, 1, 1, 1, 6, 5.630623e-01, 563, 1, s, NA, match
103, 3, INF, Left, 1, SpatialChangeDetection, 5, 23, 3, 5, [2 3 4 5 6], [1 41 81 121 161 201 241 281 320], [281 241 320 81 161], 1, 1, 281, 2, 6.919792e-01, 692, 1, s, NA, match
103, 3, INF, Left, 1, SpatialChangeDetection, 5, 24, 3, 5, [4 5 6 7 8], [1 41 81 121 161 201 241 281 320], [201 241 1 121 281], 2, 9, 320, 8, 6.131045e-01, 613, 0, s, NA, novel non-match
103, 3, INF, Left, 1, SpatialChangeDetection, 5, 25, 1, 1, 4, [1 41 81 121 161 201 241 281 320], 121, 2, 9, 281, 4, 4.711547e-01, 471, 1, d, NA, novel non-match
103, 3, INF, Left, 1, SpatialChangeDetection, 5, 26, 4, 7, [2 3 4 5 6 7 8], [1 41 81 121 161 201 241 281 320], [81 320 121 1 201 281 41], 2, 5, 201, 4, 7.524370e-01, 752, 1, d, NA, lure
103, 3, INF, Left, 1, SpatialChangeDetection, 5, 27, 1, 1, 2, [1 41 81 121 161 201 241 281 320], 201, 2, 9, 1, 2, 5.530875e-01, 553, 1, d, NA, novel non-match
103, 3, INF, Left, 1, SpatialChangeDetection, 5, 28, 4, 7, [3 4 5 6 7 8 9], [1 41 81 121 161 201 241 281 320], [281 121 41 320 1 81 161], 1, 6, 81, 8, 5.710884e-01, 571, 0, d, NA, match
103, 3, INF, Left, 1, SpatialChangeDetection, 5, 29, 4, 7, [2 3 4 5 6 7 8], [1 41 81 121 161 201 241 281 320], [241 121 201 281 41 81 161], 1, 1, 241, 2, 6.044838e-01, 604, 1, s, NA, match
103, 3, INF, Left, 1, SpatialChangeDetection, 5, 30, 2, 3, [5 6 7], [1 41 81 121 161 201 241 281 320], [241 161 201], 1, 3, 201, 7, 8.140243e-01, 814, 1, s, NA, match
103, 3, INF, Left, 1, SpatialChangeDetection, 5, 31, 2, 3, [4 5 6], [1 41 81 121 161 201 241 281 320], [1 241 41], 1, 3, 41, 6, 7.432334e-01, 743, 1, s, NA, match
103, 3, INF, Left, 1, SpatialChangeDetection, 5, 32, 1, 1, 8, [1 41 81 121 161 201 241 281 320], 320, 2, 9, 1, 8, 6.649147e-01, 665, 1, d, NA, novel non-match
103, 3, INF, Left, 1, SpatialChangeDetection, 5, 33, 1, 1, 2, [1 41 81 121 161 201 241 281 320], 281, 1, 1, 281, 2, 6.177918e-01, 618, 1, s, NA, match
103, 3, INF, Left, 1, SpatialChangeDetection, 5, 34, 2, 3, [6 7 8], [1 41 81 121 161 201 241 281 320], [161 241 81], 2, 9, 281, 8, 5.788605e-01, 579, 1, d, NA, novel non-match
103, 3, INF, Left, 1, SpatialChangeDetection, 5, 35, 4, 7, [3 4 5 6 7 8 9], [1 41 81 121 161 201 241 281 320], [1 241 281 201 41 81 320], 2, 9, 121, 6, 5.959296e-01, 596, 1, d, NA, novel non-match
103, 3, INF, Left, 1, SpatialChangeDetection, 5, 36, 4, 7, [1 2 3 4 5 6 7], [1 41 81 121 161 201 241 281 320], [320 81 281 1 201 241 121], 1, 2, 81, 2, 1.165435e+00, 1165, 1, s, NA, match
103, 3, INF, Left, 1, SpatialChangeDetection, 5, 37, 3, 5, [4 5 6 7 8], [1 41 81 121 161 201 241 281 320], [81 161 1 320 201], 1, 3, 1, 6, 7.514352e-01, 751, 0, d, NA, match
103, 3, INF, Left, 1, SpatialChangeDetection, 5, 38, 1, 1, 5, [1 41 81 121 161 201 241 281 320], 281, 1, 1, 281, 5, 5.764403e-01, 576, 1, s, NA, match
103, 3, INF, Left, 1, SpatialChangeDetection, 5, 39, 2, 3, [2 3 4], [1 41 81 121 161 201 241 281 320], [41 81 161], 1, 3, 161, 4, 6.421124e-01, 642, 1, s, NA, match
103, 3, INF, Left, 1, SpatialChangeDetection, 5, 40, 1, 1, 3, [1 41 81 121 161 201 241 281 320], 1, 2, 9, 161, 3, 6.987977e-01, 699, 1, d, NA, novel non-match
103, 3, INF, Left, 1, SpatialChangeDetection, 5, 41, 3, 5, [1 2 3 4 5], [1 41 81 121 161 201 241 281 320], [241 201 161 320 281], 2, 9, 1, 1, 6.360441e-01, 636, 1, d, NA, novel non-match
103, 3, INF, Left, 1, SpatialChangeDetection, 5, 42, 4, 7, [2 3 4 5 6 7 8], [1 41 81 121 161 201 241 281 320], [281 241 161 81 121 1 320], 2, 9, 201, 8, 7.258205e-01, 726, 1, d, NA, novel non-match
103, 3, INF, Left, 1, SpatialChangeDetection, 5, 43, 1, 1, 9, [1 41 81 121 161 201 241 281 320], 81, 2, 9, 241, 9, 7.996642e-01, 800, 1, d, NA, novel non-match
103, 3, INF, Left, 1, SpatialChangeDetection, 5, 44, 3, 5, [4 5 6 7 8], [1 41 81 121 161 201 241 281 320], [121 161 81 241 320], 2, 3, 81, 4, 1.256309e+00, 1256, 1, d, NA, lure
103, 3, INF, Left, 1, SpatialChangeDetection, 5, 45, 1, 1, 6, [1 41 81 121 161 201 241 281 320], 41, 1, 1, 41, 6, 7.541522e-01, 754, 1, s, NA, match
103, 3, INF, Left, 1, SpatialChangeDetection, 5, 46, 3, 5, [2 3 4 5 6], [1 41 81 121 161 201 241 281 320], [201 161 121 241 281], 1, 4, 241, 5, 5.865009e-01, 587, 0, d, NA, match
103, 3, INF, Left, 1, SpatialChangeDetection, 5, 47, 2, 3, [6 7 8], [1 41 81 121 161 201 241 281 320], [121 201 161], 1, 2, 201, 7, 7.879703e-01, 788, 1, s, NA, match
103, 3, INF, Left, 1, SpatialChangeDetection, 5, 48, 1, 1, 5, [1 41 81 121 161 201 241 281 320], 121, 2, 9, 201, 5, 1.333657e+00, 1334, 0, s, NA, novel non-match
103, 3, INF, Left, 1, SpatialChangeDetection, 5, 49, 1, 1, 4, [1 41 81 121 161 201 241 281 320], 1, 1, 1, 1, 4, 5.104497e-01, 510, 0, d, NA, match
103, 3, INF, Left, 1, SpatialChangeDetection, 5, 50, 4, 7, [1 2 3 4 5 6 7], [1 41 81 121 161 201 241 281 320], [241 281 161 121 41 81 320], 2, 9, 201, 5, 1.135916e+00, 1136, 1, d, NA, novel non-match
103, 3, INF, Left, 1, SpatialChangeDetection, 5, 51, 3, 5, [3 4 5 6 7], [1 41 81 121 161 201 241 281 320], [1 281 121 241 201], 2, 9, 161, 6, 1.458030e+00, 1458, 1, d, NA, novel non-match
103, 3, INF, Left, 1, SpatialChangeDetection, 5, 52, 1, 1, 2, [1 41 81 121 161 201 241 281 320], 1, 2, 9, 161, 2, 7.631424e-01, 763, 1, d, NA, novel non-match
103, 3, INF, Left, 1, SpatialChangeDetection, 5, 53, 1, 1, 4, [1 41 81 121 161 201 241 281 320], 201, 2, 9, 81, 4, 6.525054e-01, 653, 1, d, NA, novel non-match
103, 3, INF, Left, 1, SpatialChangeDetection, 5, 54, 4, 7, [1 2 3 4 5 6 7], [1 41 81 121 161 201 241 281 320], [201 320 161 241 41 81 121], 1, 7, 121, 7, 8.538005e-01, 854, 1, s, NA, match
103, 3, INF, Left, 1, SpatialChangeDetection, 5, 55, 2, 3, [5 6 7], [1 41 81 121 161 201 241 281 320], [1 121 201], 1, 2, 121, 6, 7.028554e-01, 703, 1, s, NA, match
103, 3, INF, Left, 1, SpatialChangeDetection, 5, 56, 3, 5, [1 2 3 4 5], [1 41 81 121 161 201 241 281 320], [281 81 121 241 41], 2, 1, 281, 4, 7.202668e-01, 720, 1, d, NA, lure
103, 3, INF, Left, 1, SpatialChangeDetection, 5, 57, 3, 5, [5 6 7 8 9], [1 41 81 121 161 201 241 281 320], [201 121 241 161 81], 2, 9, 1, 7, 6.180741e-01, 618, 1, d, NA, novel non-match
103, 3, INF, Left, 1, SpatialChangeDetection, 5, 58, 2, 3, [5 6 7], [1 41 81 121 161 201 241 281 320], [320 121 1], 2, 9, 81, 5, 7.628011e-01, 763, 1, d, NA, novel non-match
103, 3, INF, Left, 1, SpatialChangeDetection, 5, 59, 4, 7, [2 3 4 5 6 7 8], [1 41 81 121 161 201 241 281 320], [320 81 241 201 121 41 1], 1, 5, 121, 6, 1.539617e+00, 1540, 1, s, NA, match
103, 3, INF, Left, 1, SpatialChangeDetection, 5, 60, 2, 3, [6 7 8], [1 41 81 121 161 201 241 281 320], [320 241 281], 1, 1, 320, 6, 8.133244e-01, 813, 1, s, NA, match
103, 3, INF, Left, 1, SpatialChangeDetection, 5, 61, 1, 1, 6, [1 41 81 121 161 201 241 281 320], 201, 1, 1, 201, 6, 4.871488e-01, 487, 1, s, NA, match
103, 3, INF, Left, 1, SpatialChangeDetection, 5, 62, 4, 7, [2 3 4 5 6 7 8], [1 41 81 121 161 201 241 281 320], [281 121 241 201 320 41 161], 2, 4, 201, 2, 7.761827e-01, 776, 1, d, NA, lure
103, 3, INF, Left, 1, SpatialChangeDetection, 5, 63, 3, 5, [2 3 4 5 6], [1 41 81 121 161 201 241 281 320], [81 121 1 320 281], 1, 4, 320, 5, 1.073936e+00, 1074, 1, s, NA, match
103, 3, INF, Left, 1, SpatialChangeDetection, 5, 64, 4, 7, [3 4 5 6 7 8 9], [1 41 81 121 161 201 241 281 320], [161 281 320 241 121 81 201], 2, 7, 201, 6, 1.267272e+00, 1267, 0, s, NA, lure
103, 3, INF, Left, 1, SpatialChangeDetection, 5, 65, 3, 5, [3 4 5 6 7], [1 41 81 121 161 201 241 281 320], [41 1 320 121 281], 2, 9, 241, 3, 6.447834e-01, 645, 1, d, NA, novel non-match
103, 3, INF, Left, 1, SpatialChangeDetection, 5, 66, 4, 7, [2 3 4 5 6 7 8], [1 41 81 121 161 201 241 281 320], [1 201 281 320 161 121 81], 1, 5, 161, 6, 1.205709e+00, 1206, 1, s, NA, match
103, 3, INF, Left, 1, SpatialChangeDetection, 5, 67, 4, 7, [2 3 4 5 6 7 8], [1 41 81 121 161 201 241 281 320], [1 241 41 320 281 161 201], 1, 3, 41, 4, 6.784136e-01, 678, 0, d, NA, match
103, 3, INF, Left, 1, SpatialChangeDetection, 5, 68, 2, 3, [7 8 9], [1 41 81 121 161 201 241 281 320], [1 281 241], 1, 1, 1, 7, 8.562766e-01, 856, 1, s, NA, match
103, 3, INF, Left, 1, SpatialChangeDetection, 5, 69, 3, 5, [1 2 3 4 5], [1 41 81 121 161 201 241 281 320], [1 281 161 241 41], 2, 3, 161, 2, 8.178517e-01, 818, 1, d, NA, lure
103, 3, INF, Left, 1, SpatialChangeDetection, 5, 70, 2, 3, [7 8 9], [1 41 81 121 161 201 241 281 320], [81 241 41], 1, 3, 41, 9, 1.050864e+00, 1051, 1, s, NA, match
103, 3, INF, Left, 1, SpatialChangeDetection, 5, 71, 3, 5, [1 2 3 4 5], [1 41 81 121 161 201 241 281 320], [121 241 161 81 320], 2, 1, 121, 2, 1.515686e+00, 1516, 1, d, NA, lure
103, 3, INF, Left, 1, SpatialChangeDetection, 5, 72, 2, 3, [5 6 7], [1 41 81 121 161 201 241 281 320], [161 241 1], 2, 1, 161, 7, 7.013948e-01, 701, 1, d, NA, lure
103, 3, INF, Left, 2, Precision, 6, 1, 2, 3, [4 5 6], [321 210 330], [330 210 321], 99, 3, 321, 6, 2.682459e+00, 2682, 3, 318, -3, NA
103, 3, INF, Left, 2, Precision, 6, 2, 4, 7, [3 4 5 6 7 8 9], [197 37 18 58 112 59 23], [58 59 112 37 23 18 197], 99, 6, 18, 8, 1.866447e+00, 1866, 2, 20, 2, NA
103, 3, INF, Left, 2, Precision, 6, 3, 1, 1, 9, 233, 233, 99, 1, 233, 9, 1.434832e+00, 1435, 0, 233, 0, NA
103, 3, INF, Left, 2, Precision, 6, 4, 2, 3, [5 6 7], [29 289 100], [289 29 100], 99, 2, 29, 6, 1.955951e+00, 1956, 3, 32, 3, NA
103, 3, INF, Left, 2, Precision, 6, 5, 3, 5, [5 6 7 8 9], [278 347 251 300 44], [278 251 347 300 44], 99, 3, 347, 7, 1.597273e+00, 1597, 78, 269, -78, NA
103, 3, INF, Left, 2, Precision, 6, 6, 3, 5, [3 4 5 6 7], [240 74 305 217 38], [38 74 217 240 305], 99, 2, 74, 4, 1.894374e+00, 1894, 19, 55, -19, NA
103, 3, INF, Left, 2, Precision, 6, 7, 1, 1, 6, 360, 360, 99, 1, 360, 6, 1.376333e+00, 1376, 1, 359, -1, NA
103, 3, INF, Left, 2, Precision, 6, 8, 2, 3, [3 4 5], [165 175 72], [175 165 72], 99, 1, 175, 3, 1.793337e+00, 1793, 37, 212, 37, NA
103, 3, INF, Left, 2, Precision, 6, 9, 4, 7, [2 3 4 5 6 7 8], [203 77 10 37 193 66 74], [37 193 203 77 66 10 74], 99, 3, 203, 4, 2.066408e+00, 2066, 0, 203, 0, NA
103, 3, INF, Left, 2, Precision, 6, 10, 1, 1, 1, 160, 160, 99, 1, 160, 1, 1.466820e+00, 1467, 11, 149, -11, NA
103, 3, INF, Left, 2, Precision, 6, 11, 3, 5, [4 5 6 7 8], [78 93 23 297 183], [78 93 297 183 23], 99, 1, 78, 4, 2.164032e+00, 2164, 39, 39, -39, NA
103, 3, INF, Left, 2, Precision, 6, 12, 1, 1, 5, 43, 43, 99, 1, 43, 5, 1.892346e+00, 1892, 5, 38, -5, NA
103, 3, INF, Left, 2, Precision, 6, 13, 4, 7, [2 3 4 5 6 7 8], [264 8 336 79 62 138 63], [264 138 79 8 62 63 336], 99, 6, 63, 7, 2.301997e+00, 2302, 29, 34, -29, NA
103, 3, INF, Left, 2, Precision, 6, 14, 1, 1, 7, 360, 360, 99, 1, 360, 7, 1.750342e+00, 1750, 4, 4, 4, NA
103, 3, INF, Left, 2, Precision, 6, 15, 1, 1, 2, 250, 250, 99, 1, 250, 2, 1.335681e+00, 1336, 11, 261, 11, NA
103, 3, INF, Left, 2, Precision, 6, 16, 1, 1, 6, 294, 294, 99, 1, 294, 6, 1.480693e+00, 1481, 12, 282, -12, NA
103, 3, INF, Left, 2, Precision, 6, 17, 3, 5, [5 6 7 8 9], [338 125 19 14 276], [14 19 338 276 125], 99, 4, 276, 8, 3.113871e+00, 3114, 2, 274, -2, NA
103, 3, INF, Left, 2, Precision, 6, 18, 2, 3, [7 8 9], [64 129 313], [64 313 129], 99, 2, 313, 8, 3.074366e+00, 3074, 22, 291, -22, NA
103, 3, INF, Left, 2, Precision, 6, 19, 2, 3, [7 8 9], [21 239 264], [239 264 21], 99, 2, 264, 8, 1.475107e+00, 1475, 7, 271, 7, NA
103, 3, INF, Left, 2, Precision, 6, 20, 3, 5, [3 4 5 6 7], [234 120 337 29 230], [29 234 120 337 230], 99, 4, 337, 6, 2.813740e+00, 2814, -9302, 9999, NoResp, NA
103, 3, INF, Left, 2, Precision, 6, 21, 3, 5, [2 3 4 5 6], [237 175 159 13 291], [13 291 175 237 159], 99, 2, 291, 3, 1.758296e+00, 1758, 94, 197, -94, NA
103, 3, INF, Left, 2, Precision, 6, 22, 1, 1, 8, 143, 143, 99, 1, 143, 8, 1.703796e+00, 1704, 5, 148, 5, NA
103, 3, INF, Left, 2, Precision, 6, 23, 1, 1, 2, 222, 222, 99, 1, 222, 2, 1.425312e+00, 1425, 10, 232, 10, NA
103, 3, INF, Left, 2, Precision, 6, 24, 2, 3, [5 6 7], [354 355 301], [354 301 355], 99, 3, 355, 7, 1.490290e+00, 1490, 2, 357, 2, NA
103, 3, INF, Left, 2, Precision, 6, 25, 4, 7, [1 2 3 4 5 6 7], [178 224 238 6 261 327 151], [151 261 224 238 327 6 178], 99, 6, 6, 6, 1.923738e+00, 1924, 148, 218, -148, NA
103, 3, INF, Left, 2, Precision, 6, 26, 3, 5, [3 4 5 6 7], [24 274 110 27 86], [27 110 24 86 274], 99, 2, 110, 4, 1.997765e+00, 1998, 60, 50, -60, NA
103, 3, INF, Left, 2, Precision, 6, 27, 3, 5, [2 3 4 5 6], [152 322 120 52 351], [152 322 351 52 120], 99, 4, 52, 5, 1.414940e+00, 1415, 4, 56, 4, NA
103, 3, INF, Left, 2, Precision, 6, 28, 4, 7, [2 3 4 5 6 7 8], [218 266 211 316 59 164 268], [268 316 164 211 59 266 218], 99, 5, 59, 6, 1.623973e+00, 1624, 136, 283, -136, NA
103, 3, INF, Left, 2, Precision, 6, 29, 1, 1, 5, 37, 37, 99, 1, 37, 5, 1.423809e+00, 1424, 4, 33, -4, NA
103, 3, INF, Left, 2, Precision, 6, 30, 2, 3, [2 3 4], [286 312 166], [312 286 166], 99, 3, 166, 4, 1.609830e+00, 1610, 22, 188, 22, NA
103, 3, INF, Left, 2, Precision, 6, 31, 2, 3, [6 7 8], [258 84 310], [310 84 258], 99, 3, 258, 8, 1.291113e+00, 1291, 4, 262, 4, NA
103, 3, INF, Left, 2, Precision, 6, 32, 4, 7, [2 3 4 5 6 7 8], [1 3 254 92 34 280 348], [92 1 3 34 280 254 348], 99, 4, 34, 5, 2.276527e+00, 2277, 39, 355, -39, NA
103, 3, INF, Left, 2, Precision, 6, 33, 4, 7, [1 2 3 4 5 6 7], [222 98 218 281 121 304 211], [222 121 218 98 211 281 304], 99, 3, 218, 3, 1.901702e+00, 1902, 37, 255, 37, NA
103, 3, INF, Left, 2, Precision, 6, 34, 2, 3, [3 4 5], [196 78 31], [196 31 78], 99, 3, 78, 5, 2.206301e+00, 2206, 24, 54, -24, NA
103, 3, INF, Left, 2, Precision, 6, 35, 4, 7, [3 4 5 6 7 8 9], [30 184 3 314 232 34 136], [34 3 232 184 136 314 30], 99, 1, 34, 3, 1.903827e+00, 1904, 9, 25, -9, NA
103, 3, INF, Left, 2, Precision, 6, 36, 3, 5, [2 3 4 5 6], [5 228 243 178 103], [178 228 243 5 103], 99, 2, 228, 3, 1.575578e+00, 1576, 5, 223, -5, NA
103, 3, INF, Left, 2, Precision, 6, 37, 2, 3, [5 6 7], [104 9 55], [9 55 104], 99, 1, 9, 5, 1.833662e+00, 1834, 3, 6, -3, NA
103, 3, INF, Left, 2, Precision, 6, 38, 3, 5, [3 4 5 6 7], [356 296 263 235 163], [235 356 163 263 296], 99, 3, 163, 5, 2.041918e+00, 2042, 145, 18, -145, NA
103, 3, INF, Left, 2, Precision, 6, 39, 1, 1, 9, 56, 56, 99, 1, 56, 9, 1.755458e+00, 1755, 9, 47, -9, NA
103, 3, INF, Left, 2, Precision, 6, 40, 1, 1, 5, 59, 59, 99, 1, 59, 5, 1.701041e+00, 1701, 1, 60, 1, NA
103, 3, INF, Left, 2, Precision, 6, 41, 2, 3, [2 3 4], [31 58 142], [31 142 58], 99, 2, 142, 3, 2.126092e+00, 2126, 7, 149, 7, NA
103, 3, INF, Left, 2, Precision, 6, 42, 4, 7, [1 2 3 4 5 6 7], [223 60 202 100 6 313 5], [202 60 6 5 223 313 100], 99, 5, 223, 5, 2.007517e+00, 2008, 141, 4, 141, NA
103, 3, INF, Left, 2, Precision, 6, 43, 4, 7, [2 3 4 5 6 7 8], [24 352 153 219 246 337 293], [219 153 352 24 246 293 337], 99, 2, 153, 3, 1.751638e+00, 1752, 1, 152, -1, NA
103, 3, INF, Left, 2, Precision, 6, 44, 1, 1, 6, 326, 326, 99, 1, 326, 6, 1.481298e+00, 1481, 14, 340, 14, NA
103, 3, INF, Left, 2, Precision, 6, 45, 4, 7, [2 3 4 5 6 7 8], [34 86 312 251 74 152 294], [251 74 152 294 312 86 34], 99, 7, 34, 8, 1.953905e+00, 1954, 77, 317, -77, NA
103, 3, INF, Left, 2, Precision, 6, 46, 2, 3, [4 5 6], [106 195 329], [195 329 106], 99, 2, 329, 5, 1.883270e+00, 1883, 18, 311, -18, NA
103, 3, INF, Left, 2, Precision, 6, 47, 2, 3, [4 5 6], [166 92 122], [92 166 122], 99, 1, 92, 4, 2.828142e+00, 2828, 41, 133, 41, NA
103, 3, INF, Left, 2, Precision, 6, 48, 4, 7, [3 4 5 6 7 8 9], [98 162 257 150 329 91 154], [162 91 154 257 329 98 150], 99, 3, 154, 5, 4.000737e+00, Time-out, 135, 289, 135, NA
103, 3, INF, Left, 2, Precision, 6, 49, 2, 3, [7 8 9], [267 207 162], [162 267 207], 99, 1, 162, 7, 2.294270e+00, 2294, 44, 206, 44, NA
103, 3, INF, Left, 2, Precision, 6, 50, 3, 5, [5 6 7 8 9], [222 161 110 292 326], [292 222 326 161 110], 99, 1, 292, 5, 1.320093e+00, 1320, 11, 303, 11, NA
103, 3, INF, Left, 2, Precision, 6, 51, 1, 1, 7, 204, 204, 99, 1, 204, 7, 1.176931e+00, 1177, 16, 220, 16, NA
103, 3, INF, Left, 2, Precision, 6, 52, 4, 7, [2 3 4 5 6 7 8], [353 350 76 155 49 286 35], [49 76 155 35 350 353 286], 99, 2, 76, 3, 2.569703e+00, 2570, 31, 45, -31, NA
103, 3, INF, Left, 2, Precision, 6, 53, 3, 5, [4 5 6 7 8], [173 321 355 303 3], [3 173 321 355 303], 99, 2, 173, 5, 1.259884e+00, 1260, 23, 196, 23, NA
103, 3, INF, Left, 2, Precision, 6, 54, 4, 7, [2 3 4 5 6 7 8], [41 21 171 154 338 35 135], [154 35 135 21 171 338 41], 99, 1, 154, 2, 1.933263e+00, 1933, 114, 40, -114, NA
103, 3, INF, Left, 2, Precision, 6, 55, 4, 7, [3 4 5 6 7 8 9], [24 359 288 182 234 134 220], [134 288 234 359 24 182 220], 99, 5, 24, 7, 2.453498e+00, 2453, 174, 210, -174, NA
103, 3, INF, Left, 2, Precision, 6, 56, 1, 1, 4, 160, 160, 99, 1, 160, 4, 1.327063e+00, 1327, 7, 153, -7, NA
103, 3, INF, Left, 2, Precision, 6, 57, 2, 3, [6 7 8], [354 47 291], [354 47 291], 99, 2, 47, 7, 1.855405e+00, 1855, 12, 35, -12, NA
103, 3, INF, Left, 2, Precision, 6, 58, 4, 7, [2 3 4 5 6 7 8], [292 46 102 196 268 41 31], [41 46 292 102 268 31 196], 99, 5, 268, 6, 1.792703e+00, 1793, 6, 274, 6, NA
103, 3, INF, Left, 2, Precision, 6, 59, 2, 3, [1 2 3], [255 290 319], [255 290 319], 99, 1, 255, 1, 1.914174e+00, 1914, 5, 260, 5, NA
103, 3, INF, Left, 2, Precision, 6, 60, 3, 5, [4 5 6 7 8], [59 173 339 301 162], [301 162 173 59 339], 99, 4, 59, 7, 2.011315e+00, 2011, 92, 327, -92, NA
103, 3, INF, Left, 2, Precision, 6, 61, 4, 7, [2 3 4 5 6 7 8], [114 160 4 229 243 161 309], [114 160 4 243 161 309 229], 99, 1, 114, 2, 1.467746e+00, 1468, 88, 202, 88, NA
103, 3, INF, Left, 2, Precision, 6, 62, 2, 3, [3 4 5], [141 332 338], [141 338 332], 99, 3, 332, 5, 2.149509e+00, 2150, 4, 336, 4, NA
103, 3, INF, Left, 2, Precision, 6, 63, 3, 5, [2 3 4 5 6], [93 318 121 258 150], [318 93 258 150 121], 99, 5, 121, 6, 1.661492e+00, 1661, 170, 311, -170, NA
103, 3, INF, Left, 2, Precision, 6, 64, 3, 5, [3 4 5 6 7], [251 46 328 143 272], [143 272 328 46 251], 99, 1, 143, 3, 1.566379e+00, 1566, 60, 203, 60, NA
103, 3, INF, Left, 2, Precision, 6, 65, 4, 7, [1 2 3 4 5 6 7], [314 173 35 312 32 308 302], [35 308 32 302 314 312 173], 99, 5, 314, 5, 1.711397e+00, 1711, 24, 338, 24, NA
103, 3, INF, Left, 2, Precision, 6, 66, 3, 5, [2 3 4 5 6], [83 320 139 101 277], [139 101 277 83 320], 99, 1, 139, 2, 1.417196e+00, 1417, 5, 144, 5, NA
103, 3, INF, Left, 2, Precision, 6, 67, 2, 3, [4 5 6], [61 131 237], [131 237 61], 99, 2, 237, 5, 4.000157e+00, Time-out, 5, 242, 5, NA
103, 3, INF, Left, 2, Precision, 6, 68, 3, 5, [4 5 6 7 8], [311 353 180 41 330], [311 330 41 353 180], 99, 1, 311, 4, 4.000777e+00, Time-out, 103, 208, -103, NA
103, 3, INF, Left, 2, Precision, 6, 69, 1, 1, 6, 217, 217, 99, 1, 217, 6, 2.148561e+00, 2149, 8, 225, 8, NA
103, 3, INF, Left, 2, Precision, 6, 70, 3, 5, [1 2 3 4 5], [296 137 222 10 159], [222 296 10 137 159], 99, 2, 296, 2, 2.780783e+00, 2781, 31, 265, -31, NA
103, 3, INF, Left, 2, Precision, 6, 71, 1, 1, 3, 264, 264, 99, 1, 264, 3, 1.870184e+00, 1870, 1, 263, -1, NA
103, 3, INF, Left, 2, Precision, 6, 72, 1, 1, 8, 99, 99, 99, 1, 99, 8, 1.687320e+00, 1687, 40, 139, 40, NA
103, 3, INF, Left, 1, SpatialChangeDetection, 7, 1, 3, 5, [2 3 4 5 6], [1 41 81 121 161 201 241 281 320], [281 81 121 1 241], 2, 9, 41, 2, 6.021522e-01, 602, 1, d, NA, novel non-match
103, 3, INF, Left, 1, SpatialChangeDetection, 7, 2, 4, 7, [2 3 4 5 6 7 8], [1 41 81 121 161 201 241 281 320], [41 241 320 121 281 201 81], 2, 9, 161, 5, 6.837371e-01, 684, 1, d, NA, novel non-match
103, 3, INF, Left, 1, SpatialChangeDetection, 7, 3, 3, 5, [3 4 5 6 7], [1 41 81 121 161 201 241 281 320], [161 320 241 121 41], 1, 1, 161, 3, 8.850120e-01, 885, 1, s, NA, match
103, 3, INF, Left, 1, SpatialChangeDetection, 7, 4, 3, 5, [4 5 6 7 8], [1 41 81 121 161 201 241 281 320], [320 41 201 1 81], 2, 1, 320, 8, 8.462475e-01, 846, 1, d, NA, lure
103, 3, INF, Left, 1, SpatialChangeDetection, 7, 5, 2, 3, [1 2 3], [1 41 81 121 161 201 241 281 320], [241 81 281], 1, 3, 281, 3, 7.038920e-01, 704, 1, s, NA, match
103, 3, INF, Left, 1, SpatialChangeDetection, 7, 6, 3, 5, [1 2 3 4 5], [1 41 81 121 161 201 241 281 320], [201 161 281 81 1], 1, 5, 1, 5, 6.733514e-01, 673, 1, s, NA, match
103, 3, INF, Left, 1, SpatialChangeDetection, 7, 7, 4, 7, [1 2 3 4 5 6 7], [1 41 81 121 161 201 241 281 320], [41 241 121 1 320 81 201], 2, 2, 241, 7, 7.783912e-01, 778, 1, d, NA, lure
103, 3, INF, Left, 1, SpatialChangeDetection, 7, 8, 3, 5, [1 2 3 4 5], [1 41 81 121 161 201 241 281 320], [1 281 320 121 81], 1, 2, 281, 2, 1.179762e+00, 1180, 0, d, NA, match
103, 3, INF, Left, 1, SpatialChangeDetection, 7, 9, 4, 7, [3 4 5 6 7 8 9], [1 41 81 121 161 201 241 281 320], [81 1 320 121 201 161 241], 1, 3, 320, 5, 7.655574e-01, 766, 1, s, NA, match
103, 3, INF, Left, 1, SpatialChangeDetection, 7, 10, 1, 1, 7, [1 41 81 121 161 201 241 281 320], 201, 2, 9, 121, 7, 4.382429e-01, 438, 1, d, NA, novel non-match
103, 3, INF, Left, 1, SpatialChangeDetection, 7, 11, 2, 3, [5 6 7], [1 41 81 121 161 201 241 281 320], [161 121 1], 1, 1, 161, 5, 6.395932e-01, 640, 1, s, NA, match
103, 3, INF, Left, 1, SpatialChangeDetection, 7, 12, 2, 3, [7 8 9], [1 41 81 121 161 201 241 281 320], [1 81 320], 2, 2, 81, 7, 1.000529e+00, 1001, 1, d, NA, lure
103, 3, INF, Left, 1, SpatialChangeDetection, 7, 13, 1, 1, 1, [1 41 81 121 161 201 241 281 320], 81, 1, 1, 81, 1, 4.187080e-01, 419, 1, s, NA, match
103, 3, INF, Left, 1, SpatialChangeDetection, 7, 14, 1, 1, 8, [1 41 81 121 161 201 241 281 320], 41, 2, 9, 320, 8, 4.763636e-01, 476, 1, d, NA, novel non-match
103, 3, INF, Left, 1, SpatialChangeDetection, 7, 15, 1, 1, 8, [1 41 81 121 161 201 241 281 320], 121, 1, 1, 121, 8, 6.048191e-01, 605, 1, s, NA, match
103, 3, INF, Left, 1, SpatialChangeDetection, 7, 16, 4, 7, [3 4 5 6 7 8 9], [1 41 81 121 161 201 241 281 320], [81 161 320 121 241 1 281], 1, 4, 121, 6, 1.358169e+00, 1358, 0, d, NA, match
103, 3, INF, Left, 1, SpatialChangeDetection, 7, 17, 2, 3, [5 6 7], [1 41 81 121 161 201 241 281 320], [1 201 41], 2, 9, 121, 5, 6.390045e-01, 639, 1, d, NA, novel non-match
103, 3, INF, Left, 1, SpatialChangeDetection, 7, 18, 2, 3, [2 3 4], [1 41 81 121 161 201 241 281 320], [41 281 1], 2, 1, 41, 4, 7.284530e-01, 728, 1, d, NA, lure
103, 3, INF, Left, 1, SpatialChangeDetection, 7, 19, 4, 7, [1 2 3 4 5 6 7], [1 41 81 121 161 201 241 281 320], [161 201 1 320 241 121 281], 1, 2, 201, 2, 1.234093e+00, 1234, 1, s, NA, match
103, 3, INF, Left, 1, SpatialChangeDetection, 7, 20, 4, 7, [1 2 3 4 5 6 7], [1 41 81 121 161 201 241 281 320], [1 241 81 281 121 41 201], 2, 4, 281, 7, 7.560719e-01, 756, 1, d, NA, lure
103, 3, INF, Left, 1, SpatialChangeDetection, 7, 21, 3, 5, [4 5 6 7 8], [1 41 81 121 161 201 241 281 320], [161 241 41 201 81], 2, 2, 241, 6, 1.092995e+00, 1093, 1, d, NA, lure
103, 3, INF, Left, 1, SpatialChangeDetection, 7, 22, 3, 5, [4 5 6 7 8], [1 41 81 121 161 201 241 281 320], [121 281 320 41 201], 1, 5, 201, 8, 8.140024e-01, 814, 1, s, NA, match
103, 3, INF, Left, 1, SpatialChangeDetection, 7, 23, 4, 7, [1 2 3 4 5 6 7], [1 41 81 121 161 201 241 281 320], [41 281 81 320 161 1 121], 2, 9, 241, 7, 7.200942e-01, 720, 1, d, NA, novel non-match
103, 3, INF, Left, 1, SpatialChangeDetection, 7, 24, 2, 3, [5 6 7], [1 41 81 121 161 201 241 281 320], [121 161 81], 1, 1, 121, 5, 9.209096e-01, 921, 1, s, NA, match
103, 3, INF, Left, 1, SpatialChangeDetection, 7, 25, 1, 1, 7, [1 41 81 121 161 201 241 281 320], 161, 1, 1, 161, 7, 5.466817e-01, 547, 1, s, NA, match
103, 3, INF, Left, 1, SpatialChangeDetection, 7, 26, 1, 1, 7, [1 41 81 121 161 201 241 281 320], 121, 1, 1, 121, 7, 4.757313e-01, 476, 1, s, NA, match
103, 3, INF, Left, 1, SpatialChangeDetection, 7, 27, 4, 7, [3 4 5 6 7 8 9], [1 41 81 121 161 201 241 281 320], [121 81 1 161 320 241 201], 1, 4, 161, 6, 9.333193e-01, 933, 0, d, NA, match
103, 3, INF, Left, 1, SpatialChangeDetection, 7, 28, 3, 5, [2 3 4 5 6], [1 41 81 121 161 201 241 281 320], [201 41 281 1 161], 2, 3, 281, 3, 7.902510e-01, 790, 1, d, NA, lure
103, 3, INF, Left, 1, SpatialChangeDetection, 7, 29, 4, 7, [3 4 5 6 7 8 9], [1 41 81 121 161 201 241 281 320], [241 81 201 1 41 320 121], 2, 1, 241, 8, 7.359071e-01, 736, 1, d, NA, lure
103, 3, INF, Left, 1, SpatialChangeDetection, 7, 30, 2, 3, [6 7 8], [1 41 81 121 161 201 241 281 320], [241 201 161], 1, 1, 241, 6, 7.691551e-01, 769, 1, s, NA, match
103, 3, INF, Left, 1, SpatialChangeDetection, 7, 31, 1, 1, 8, [1 41 81 121 161 201 241 281 320], 201, 2, 9, 320, 8, 4.736136e-01, 474, 1, d, NA, novel non-match
103, 3, INF, Left, 1, SpatialChangeDetection, 7, 32, 4, 7, [3 4 5 6 7 8 9], [1 41 81 121 161 201 241 281 320], [201 41 320 281 1 121 161], 2, 9, 81, 4, 8.917857e-01, 892, 1, d, NA, novel non-match
103, 3, INF, Left, 1, SpatialChangeDetection, 7, 33, 4, 7, [3 4 5 6 7 8 9], [1 41 81 121 161 201 241 281 320], [241 320 41 1 201 281 121], 2, 1, 241, 8, 6.607207e-01, 661, 1, d, NA, lure
103, 3, INF, Left, 1, SpatialChangeDetection, 7, 34, 4, 7, [3 4 5 6 7 8 9], [1 41 81 121 161 201 241 281 320], [1 41 241 121 81 281 161], 2, 9, 201, 5, 1.046421e+00, 1046, 0, s, NA, novel non-match
103, 3, INF, Left, 1, SpatialChangeDetection, 7, 35, 2, 3, [3 4 5], [1 41 81 121 161 201 241 281 320], [121 161 201], 2, 9, 41, 5, 5.752325e-01, 575, 1, d, NA, novel non-match
103, 3, INF, Left, 1, SpatialChangeDetection, 7, 36, 2, 3, [1 2 3], [1 41 81 121 161 201 241 281 320], [241 1 121], 2, 2, 1, 3, 7.213263e-01, 721, 1, d, NA, lure
103, 3, INF, Left, 1, SpatialChangeDetection, 7, 37, 4, 7, [2 3 4 5 6 7 8], [1 41 81 121 161 201 241 281 320], [281 161 81 41 201 241 121], 2, 9, 1, 5, 9.616552e-01, 962, 1, d, NA, novel non-match
103, 3, INF, Left, 1, SpatialChangeDetection, 7, 38, 2, 3, [2 3 4], [1 41 81 121 161 201 241 281 320], [161 121 241], 1, 2, 121, 3, 7.243121e-01, 724, 1, s, NA, match
103, 3, INF, Left, 1, SpatialChangeDetection, 7, 39, 2, 3, [3 4 5], [1 41 81 121 161 201 241 281 320], [241 201 281], 2, 1, 241, 5, 6.368093e-01, 637, 1, d, NA, lure
103, 3, INF, Left, 1, SpatialChangeDetection, 7, 40, 3, 5, [4 5 6 7 8], [1 41 81 121 161 201 241 281 320], [121 241 201 41 1], 2, 4, 41, 8, 7.907214e-01, 791, 1, d, NA, lure
103, 3, INF, Left, 1, SpatialChangeDetection, 7, 41, 3, 5, [2 3 4 5 6], [1 41 81 121 161 201 241 281 320], [281 161 320 241 201], 1, 3, 320, 4, 1.655256e+00, 1655, 1, s, NA, match
103, 3, INF, Left, 1, SpatialChangeDetection, 7, 42, 4, 7, [2 3 4 5 6 7 8], [1 41 81 121 161 201 241 281 320], [81 121 241 1 161 281 201], 1, 1, 81, 2, 6.487486e-01, 649, 1, s, NA, match
103, 3, INF, Left, 1, SpatialChangeDetection, 7, 43, 1, 1, 2, [1 41 81 121 161 201 241 281 320], 320, 1, 1, 320, 2, 4.340760e-01, 434, 1, s, NA, match
103, 3, INF, Left, 1, SpatialChangeDetection, 7, 44, 1, 1, 6, [1 41 81 121 161 201 241 281 320], 41, 1, 1, 41, 6, 4.189968e-01, 419, 1, s, NA, match
103, 3, INF, Left, 1, SpatialChangeDetection, 7, 45, 1, 1, 3, [1 41 81 121 161 201 241 281 320], 41, 2, 9, 81, 3, 7.888019e-01, 789, 1, d, NA, novel non-match
103, 3, INF, Left, 1, SpatialChangeDetection, 7, 46, 4, 7, [3 4 5 6 7 8 9], [1 41 81 121 161 201 241 281 320], [121 201 1 161 41 241 81], 2, 9, 281, 3, 1.021658e+00, 1022, 1, d, NA, novel non-match
103, 3, INF, Left, 1, SpatialChangeDetection, 7, 47, 3, 5, [5 6 7 8 9], [1 41 81 121 161 201 241 281 320], [241 161 41 320 121], 2, 9, 201, 9, 1.055815e+00, 1056, 1, d, NA, novel non-match
103, 3, INF, Left, 1, SpatialChangeDetection, 7, 48, 2, 3, [5 6 7], [1 41 81 121 161 201 241 281 320], [1 320 81], 1, 3, 81, 7, 5.614692e-01, 561, 1, s, NA, match
103, 3, INF, Left, 1, SpatialChangeDetection, 7, 49, 2, 3, [2 3 4], [1 41 81 121 161 201 241 281 320], [41 201 241], 1, 1, 41, 2, 1.369570e+00, 1370, 1, s, NA, match
103, 3, INF, Left, 1, SpatialChangeDetection, 7, 50, 1, 1, 8, [1 41 81 121 161 201 241 281 320], 121, 2, 9, 281, 8, 5.718985e-01, 572, 1, d, NA, novel non-match
103, 3, INF, Left, 1, SpatialChangeDetection, 7, 51, 2, 3, [7 8 9], [1 41 81 121 161 201 241 281 320], [241 320 1], 1, 1, 241, 7, 7.170777e-01, 717, 1, s, NA, match
103, 3, INF, Left, 1, SpatialChangeDetection, 7, 52, 2, 3, [2 3 4], [1 41 81 121 161 201 241 281 320], [121 41 281], 1, 2, 41, 3, 9.020083e-01, 902, 1, s, NA, match
103, 3, INF, Left, 1, SpatialChangeDetection, 7, 53, 4, 7, [3 4 5 6 7 8 9], [1 41 81 121 161 201 241 281 320], [320 1 121 41 241 201 161], 1, 7, 161, 9, 1.223751e+00, 1224, 0, d, NA, match
103, 3, INF, Left, 1, SpatialChangeDetection, 7, 54, 3, 5, [3 4 5 6 7], [1 41 81 121 161 201 241 281 320], [320 121 241 41 281], 2, 2, 121, 7, 6.324265e-01, 632, 1, d, NA, lure
103, 3, INF, Left, 1, SpatialChangeDetection, 7, 55, 3, 5, [4 5 6 7 8], [1 41 81 121 161 201 241 281 320], [241 121 201 1 81], 1, 2, 121, 5, 1.073871e+00, 1074, 1, s, NA, match
103, 3, INF, Left, 1, SpatialChangeDetection, 7, 56, 1, 1, 9, [1 41 81 121 161 201 241 281 320], 81, 1, 1, 81, 9, 4.438661e-01, 444, 1, s, NA, match
103, 3, INF, Left, 1, SpatialChangeDetection, 7, 57, 1, 1, 9, [1 41 81 121 161 201 241 281 320], 320, 1, 1, 320, 9, 4.767606e-01, 477, 1, s, NA, match
103, 3, INF, Left, 1, SpatialChangeDetection, 7, 58, 2, 3, [6 7 8], [1 41 81 121 161 201 241 281 320], [81 121 241], 2, 2, 121, 6, 1.294255e+00, 1294, 1, d, NA, lure
103, 3, INF, Left, 1, SpatialChangeDetection, 7, 59, 1, 1, 2, [1 41 81 121 161 201 241 281 320], 1, 2, 9, 241, 2, 5.190625e-01, 519, 1, d, NA, novel non-match
103, 3, INF, Left, 1, SpatialChangeDetection, 7, 60, 1, 1, 6, [1 41 81 121 161 201 241 281 320], 201, 1, 1, 201, 6, 4.890435e-01, 489, 1, s, NA, match
103, 3, INF, Left, 1, SpatialChangeDetection, 7, 61, 3, 5, [2 3 4 5 6], [1 41 81 121 161 201 241 281 320], [161 281 81 241 201], 2, 9, 1, 4, 6.743799e-01, 674, 1, d, NA, novel non-match
103, 3, INF, Left, 1, SpatialChangeDetection, 7, 62, 1, 1, 6, [1 41 81 121 161 201 241 281 320], 241, 1, 1, 241, 6, 7.232959e-01, 723, 1, s, NA, match
103, 3, INF, Left, 1, SpatialChangeDetection, 7, 63, 2, 3, [3 4 5], [1 41 81 121 161 201 241 281 320], [81 320 241], 2, 9, 1, 5, 6.610064e-01, 661, 1, d, NA, novel non-match
103, 3, INF, Left, 1, SpatialChangeDetection, 7, 64, 3, 5, [3 4 5 6 7], [1 41 81 121 161 201 241 281 320], [281 41 81 320 1], 1, 4, 320, 6, 9.187500e-01, 919, 0, d, NA, match
103, 3, INF, Left, 1, SpatialChangeDetection, 7, 65, 4, 7, [2 3 4 5 6 7 8], [1 41 81 121 161 201 241 281 320], [320 241 281 201 41 1 161], 2, 9, 121, 3, 8.480034e-01, 848, 1, d, NA, novel non-match
103, 3, INF, Left, 1, SpatialChangeDetection, 7, 66, 3, 5, [5 6 7 8 9], [1 41 81 121 161 201 241 281 320], [161 1 41 81 320], 2, 1, 161, 8, 7.769993e-01, 777, 1, d, NA, lure
103, 3, INF, Left, 1, SpatialChangeDetection, 7, 67, 3, 5, [3 4 5 6 7], [1 41 81 121 161 201 241 281 320], [281 41 121 1 161], 1, 3, 121, 5, 1.730336e+00, 1730, 1, s, NA, match
103, 3, INF, Left, 1, SpatialChangeDetection, 7, 68, 2, 3, [1 2 3], [1 41 81 121 161 201 241 281 320], [41 81 201], 2, 3, 201, 1, 9.557799e-01, 956, 1, d, NA, lure
103, 3, INF, Left, 1, SpatialChangeDetection, 7, 69, 1, 1, 6, [1 41 81 121 161 201 241 281 320], 41, 1, 1, 41, 6, 4.290509e-01, 429, 1, s, NA, match
103, 3, INF, Left, 1, SpatialChangeDetection, 7, 70, 4, 7, [2 3 4 5 6 7 8], [1 41 81 121 161 201 241 281 320], [161 41 281 121 320 81 201], 1, 6, 81, 7, 1.766259e+00, 1766, 1, s, NA, match
103, 3, INF, Left, 1, SpatialChangeDetection, 7, 71, 1, 1, 4, [1 41 81 121 161 201 241 281 320], 41, 1, 1, 41, 4, 4.957412e-01, 496, 1, s, NA, match
103, 3, INF, Left, 1, SpatialChangeDetection, 7, 72, 3, 5, [3 4 5 6 7], [1 41 81 121 161 201 241 281 320], [201 241 81 41 281], 1, 1, 201, 3, 8.573186e-01, 857, 1, s, NA, match
103, 3, INF, Left, 2, Precision, 8, 1, 3, 5, [5 6 7 8 9], [166 73 322 13 317], [166 317 13 322 73], 99, 5, 73, 9, 2.286011e+00, 2286, 45, 28, -45, NA
103, 3, INF, Left, 2, Precision, 8, 2, 4, 7, [3 4 5 6 7 8 9], [271 198 272 309 164 224 134], [272 224 198 134 164 309 271], 99, 3, 198, 5, 1.950134e+00, 1950, 70, 268, 70, NA
103, 3, INF, Left, 2, Precision, 8, 3, 2, 3, [6 7 8], [164 256 315], [256 315 164], 99, 2, 315, 7, 1.838553e+00, 1839, 23, 292, -23, NA
103, 3, INF, Left, 2, Precision, 8, 4, 2, 3, [1 2 3], [193 92 282], [282 92 193], 99, 3, 193, 3, 1.559481e+00, 1559, 83, 276, 83, NA
103, 3, INF, Left, 2, Precision, 8, 5, 2, 3, [4 5 6], [214 10 209], [214 10 209], 99, 2, 10, 5, 1.833429e+00, 1833, 2, 12, 2, NA
103, 3, INF, Left, 2, Precision, 8, 6, 3, 5, [4 5 6 7 8], [82 202 288 204 32], [202 204 288 82 32], 99, 2, 204, 5, 2.009815e+00, 2010, 18, 222, 18, NA
103, 3, INF, Left, 2, Precision, 8, 7, 1, 1, 9, 83, 83, 99, 1, 83, 9, 1.466517e+00, 1467, 16, 67, -16, NA
103, 3, INF, Left, 2, Precision, 8, 8, 2, 3, [3 4 5], [37 241 151], [37 151 241], 99, 3, 241, 5, 1.451394e+00, 1451, 1, 242, 1, NA
103, 3, INF, Left, 2, Precision, 8, 9, 4, 7, [2 3 4 5 6 7 8], [239 211 144 336 215 210 216], [144 216 336 211 239 210 215], 99, 1, 144, 2, 1.563982e+00, 1564, 14, 158, 14, NA
103, 3, INF, Left, 2, Precision, 8, 10, 1, 1, 4, 225, 225, 99, 1, 225, 4, 1.557063e+00, 1557, 9, 234, 9, NA
103, 3, INF, Left, 2, Precision, 8, 11, 4, 7, [2 3 4 5 6 7 8], [221 274 184 159 90 269 168], [90 184 269 221 159 274 168], 99, 5, 159, 6, 2.453905e+00, 2454, 41, 200, 41, NA
103, 3, INF, Left, 2, Precision, 8, 12, 1, 1, 7, 141, 141, 99, 1, 141, 7, 2.423177e+00, 2423, 3, 144, 3, NA
103, 3, INF, Left, 2, Precision, 8, 13, 3, 5, [4 5 6 7 8], [15 345 198 278 229], [229 15 198 345 278], 99, 2, 15, 5, 1.816684e+00, 1817, 93, 282, -93, NA
103, 3, INF, Left, 2, Precision, 8, 14, 4, 7, [3 4 5 6 7 8 9], [245 312 271 67 219 153 59], [59 312 153 219 271 245 67], 99, 2, 312, 4, 1.617521e+00, 1618, 22, 290, -22, NA
103, 3, INF, Left, 2, Precision, 8, 15, 2, 3, [5 6 7], [106 360 256], [360 256 106], 99, 3, 106, 7, 1.410140e+00, 1410, 37, 143, 37, NA
103, 3, INF, Left, 2, Precision, 8, 16, 4, 7, [3 4 5 6 7 8 9], [170 201 61 219 284 195 35], [219 170 201 284 61 195 35], 99, 2, 170, 4, 1.843980e+00, 1844, 31, 201, 31, NA
103, 3, INF, Left, 2, Precision, 8, 17, 3, 5, [4 5 6 7 8], [18 345 69 37 206], [206 69 37 18 345], 99, 5, 345, 8, 1.733295e+00, 1733, 35, 20, 35, NA
103, 3, INF, Left, 2, Precision, 8, 18, 1, 1, 5, 267, 267, 99, 1, 267, 5, 1.366489e+00, 1366, 6, 273, 6, NA
103, 3, INF, Left, 2, Precision, 8, 19, 4, 7, [1 2 3 4 5 6 7], [22 242 339 121 320 27 128], [128 121 242 339 27 22 320], 99, 2, 121, 2, 1.830237e+00, 1830, 14, 107, -14, NA
103, 3, INF, Left, 2, Precision, 8, 20, 1, 1, 6, 124, 124, 99, 1, 124, 6, 1.711159e+00, 1711, 17, 107, -17, NA
103, 3, INF, Left, 2, Precision, 8, 21, 1, 1, 6, 334, 334, 99, 1, 334, 6, 1.440891e+00, 1441, 4, 338, 4, NA
103, 3, INF, Left, 2, Precision, 8, 22, 3, 5, [5 6 7 8 9], [320 272 314 273 191], [191 314 320 273 272], 99, 3, 320, 7, 2.619098e+00, 2619, 24, 296, -24, NA
103, 3, INF, Left, 2, Precision, 8, 23, 1, 1, 7, 285, 285, 99, 1, 285, 7, 1.491240e+00, 1491, 5, 290, 5, NA
103, 3, INF, Left, 2, Precision, 8, 24, 4, 7, [1 2 3 4 5 6 7], [24 287 60 355 327 305 98], [305 327 287 355 24 98 60], 99, 4, 355, 4, 1.853110e+00, 1853, 1, 354, -1, NA
103, 3, INF, Left, 2, Precision, 8, 25, 1, 1, 9, 267, 267, 99, 1, 267, 9, 2.676539e+00, 2677, 4, 263, -4, NA
103, 3, INF, Left, 2, Precision, 8, 26, 3, 5, [3 4 5 6 7], [54 356 93 110 234], [356 93 110 54 234], 99, 2, 93, 4, 2.109926e+00, 2110, 99, 354, -99, NA
103, 3, INF, Left, 2, Precision, 8, 27, 4, 7, [1 2 3 4 5 6 7], [199 55 175 41 355 268 10], [175 10 355 199 268 55 41], 99, 4, 199, 4, 2.391939e+00, 2392, 2, 201, 2, NA
103, 3, INF, Left, 2, Precision, 8, 28, 3, 5, [3 4 5 6 7], [255 349 6 307 254], [349 6 255 307 254], 99, 2, 6, 4, 1.672641e+00, 1673, 27, 339, -27, NA
103, 3, INF, Left, 2, Precision, 8, 29, 4, 7, [3 4 5 6 7 8 9], [202 49 230 358 294 115 309], [358 115 294 230 49 202 309], 99, 5, 49, 7, 2.569409e+00, 2569, 110, 299, -110, NA
103, 3, INF, Left, 2, Precision, 8, 30, 4, 7, [3 4 5 6 7 8 9], [66 238 243 159 137 235 184], [238 66 159 243 137 184 235], 99, 5, 137, 7, 2.170085e+00, 2170, 59, 196, 59, NA
103, 3, INF, Left, 2, Precision, 8, 31, 4, 7, [2 3 4 5 6 7 8], [357 247 208 25 308 20 245], [247 25 20 308 208 357 245], 99, 6, 357, 7, 1.962315e+00, 1962, 142, 215, -142, NA
103, 3, INF, Left, 2, Precision, 8, 32, 3, 5, [4 5 6 7 8], [320 173 78 348 259], [320 348 259 173 78], 99, 4, 173, 7, 2.155938e+00, 2156, 34, 207, 34, NA
103, 3, INF, Left, 2, Precision, 8, 33, 2, 3, [7 8 9], [288 346 348], [288 348 346], 99, 2, 348, 8, 1.684989e+00, 1685, 14, 334, -14, NA
103, 3, INF, Left, 2, Precision, 8, 34, 3, 5, [5 6 7 8 9], [340 185 7 113 235], [7 113 185 340 235], 99, 3, 185, 7, 2.790083e+00, 2790, 156, 341, 156, NA
103, 3, INF, Left, 2, Precision, 8, 35, 4, 7, [2 3 4 5 6 7 8], [318 113 8 233 176 350 71], [8 233 113 71 318 176 350], 99, 5, 318, 6, 3.071901e+00, 3072, 18, 336, 18, NA
103, 3, INF, Left, 2, Precision, 8, 36, 1, 1, 1, 327, 327, 99, 1, 327, 1, 2.152509e+00, 2153, 27, 300, -27, NA
103, 3, INF, Left, 2, Precision, 8, 37, 2, 3, [4 5 6], [75 237 228], [75 237 228], 99, 1, 75, 4, 2.025163e+00, 2025, 127, 202, 127, NA
103, 3, INF, Left, 2, Precision, 8, 38, 2, 3, [1 2 3], [242 301 308], [242 308 301], 99, 2, 308, 2, 1.281723e+00, 1282, 7, 301, -7, NA
103, 3, INF, Left, 2, Precision, 8, 39, 1, 1, 9, 90, 90, 99, 1, 90, 9, 2.146999e+00, 2147, 47, 137, 47, NA
103, 3, INF, Left, 2, Precision, 8, 40, 2, 3, [3 4 5], [61 261 18], [18 261 61], 99, 3, 61, 5, 2.940288e+00, 2940, 13, 48, -13, NA
103, 3, INF, Left, 2, Precision, 8, 41, 3, 5, [2 3 4 5 6], [60 282 162 289 226], [289 60 162 226 282], 99, 1, 289, 2, 1.661029e+00, 1661, 47, 242, -47, NA
103, 3, INF, Left, 2, Precision, 8, 42, 1, 1, 2, 149, 149, 99, 1, 149, 2, 1.014552e+00, 1015, 2, 147, -2, NA
103, 3, INF, Left, 2, Precision, 8, 43, 3, 5, [3 4 5 6 7], [53 22 118 184 13], [184 53 22 118 13], 99, 3, 22, 5, 1.469419e+00, 1469, 1, 23, 1, NA
103, 3, INF, Left, 2, Precision, 8, 44, 3, 5, [3 4 5 6 7], [195 23 72 61 50], [195 23 61 50 72], 99, 5, 72, 7, 1.584461e+00, 1584, 36, 36, -36, NA
103, 3, INF, Left, 2, Precision, 8, 45, 3, 5, [1 2 3 4 5], [237 17 314 94 14], [17 314 237 14 94], 99, 5, 94, 5, 3.465488e+00, 3465, 58, 36, -58, NA
103, 3, INF, Left, 2, Precision, 8, 46, 4, 7, [2 3 4 5 6 7 8], [53 259 257 321 145 253 310], [310 321 257 253 53 259 145], 99, 7, 145, 8, 1.593963e+00, 1594, 1, 146, 1, NA
103, 3, INF, Left, 2, Precision, 8, 47, 2, 3, [7 8 9], [271 126 338], [338 271 126], 99, 1, 338, 7, 2.010890e+00, 2011, 5, 333, -5, NA
103, 3, INF, Left, 2, Precision, 8, 48, 2, 3, [6 7 8], [14 49 348], [49 348 14], 99, 2, 348, 7, 1.836272e+00, 1836, 14, 2, 14, NA
103, 3, INF, Left, 2, Precision, 8, 49, 2, 3, [7 8 9], [207 21 283], [207 283 21], 99, 2, 283, 8, 1.372576e+00, 1373, 16, 267, -16, NA
103, 3, INF, Left, 2, Precision, 8, 50, 2, 3, [5 6 7], [170 297 173], [297 170 173], 99, 3, 173, 7, 1.421590e+00, 1422, 6, 179, 6, NA
103, 3, INF, Left, 2, Precision, 8, 51, 2, 3, [6 7 8], [4 191 16], [191 16 4], 99, 1, 191, 6, 1.735622e+00, 1736, 2, 193, 2, NA
103, 3, INF, Left, 2, Precision, 8, 52, 2, 3, [2 3 4], [261 290 57], [261 290 57], 99, 3, 57, 4, 1.496431e+00, 1496, 7, 50, -7, NA
103, 3, INF, Left, 2, Precision, 8, 53, 2, 3, [1 2 3], [337 273 231], [337 231 273], 99, 2, 231, 2, 1.968896e+00, 1969, 4, 235, 4, NA
103, 3, INF, Left, 2, Precision, 8, 54, 3, 5, [5 6 7 8 9], [310 136 204 317 167], [317 310 136 167 204], 99, 1, 317, 5, 1.546711e+00, 1547, 26, 291, -26, NA
103, 3, INF, Left, 2, Precision, 8, 55, 4, 7, [3 4 5 6 7 8 9], [312 177 70 229 203 164 355], [229 203 312 355 70 177 164], 99, 6, 177, 8, 1.956108e+00, 1956, 19, 196, 19, NA
103, 3, INF, Left, 2, Precision, 8, 56, 3, 5, [4 5 6 7 8], [55 220 46 34 130], [34 130 46 220 55], 99, 2, 130, 5, 1.573417e+00, 1573, 71, 201, 71, NA
103, 3, INF, Left, 2, Precision, 8, 57, 3, 5, [5 6 7 8 9], [193 215 100 163 208], [193 208 100 215 163], 99, 2, 208, 6, 1.621948e+00, 1622, 39, 169, -39, NA
103, 3, INF, Left, 2, Precision, 8, 58, 2, 3, [6 7 8], [61 159 236], [61 236 159], 99, 1, 61, 6, 1.719238e+00, 1719, 4, 57, -4, NA
103, 3, INF, Left, 2, Precision, 8, 59, 1, 1, 1, 57, 57, 99, 1, 57, 1, 1.105084e+00, 1105, 6, 63, 6, NA
103, 3, INF, Left, 2, Precision, 8, 60, 1, 1, 7, 356, 356, 99, 1, 356, 7, 9.933854e-01, 993, 7, 3, 7, NA
103, 3, INF, Left, 2, Precision, 8, 61, 4, 7, [2 3 4 5 6 7 8], [256 20 16 2 181 318 235], [2 256 16 318 20 235 181], 99, 7, 181, 8, 1.587321e+00, 1587, 11, 192, 11, NA
103, 3, INF, Left, 2, Precision, 8, 62, 1, 1, 1, 114, 114, 99, 1, 114, 1, 2.787673e+00, 2788, 20, 134, 20, NA
103, 3, INF, Left, 2, Precision, 8, 63, 3, 5, [1 2 3 4 5], [74 194 86 344 211], [211 74 194 86 344], 99, 4, 86, 4, 1.877254e+00, 1877, 68, 154, 68, NA
103, 3, INF, Left, 2, Precision, 8, 64, 4, 7, [2 3 4 5 6 7 8], [278 62 269 43 267 234 70], [43 269 234 70 267 62 278], 99, 2, 269, 3, 2.216886e+00, 2217, 1, 270, 1, NA
103, 3, INF, Left, 2, Precision, 8, 65, 1, 1, 9, 259, 259, 99, 1, 259, 9, 1.631353e+00, 1631, 15, 274, 15, NA
103, 3, INF, Left, 2, Precision, 8, 66, 1, 1, 6, 193, 193, 99, 1, 193, 6, 1.343282e+00, 1343, 8, 201, 8, NA
103, 3, INF, Left, 2, Precision, 8, 67, 1, 1, 1, 95, 95, 99, 1, 95, 1, 1.416978e+00, 1417, 41, 136, 41, NA
103, 3, INF, Left, 2, Precision, 8, 68, 1, 1, 6, 106, 106, 99, 1, 106, 6, 1.474063e+00, 1474, 26, 132, 26, NA
103, 3, INF, Left, 2, Precision, 8, 69, 3, 5, [4 5 6 7 8], [114 224 28 359 236], [114 28 236 359 224], 99, 3, 236, 6, 1.626281e+00, 1626, 3, 239, 3, NA
103, 3, INF, Left, 2, Precision, 8, 70, 4, 7, [1 2 3 4 5 6 7], [292 205 301 84 33 262 242], [33 262 292 301 242 205 84], 99, 6, 205, 6, 1.731511e+00, 1732, 168, 37, -168, NA
103, 3, INF, Left, 2, Precision, 8, 71, 2, 3, [1 2 3], [233 41 64], [41 233 64], 99, 2, 233, 2, 1.420885e+00, 1421, 4, 237, 4, NA
103, 3, INF, Left, 2, Precision, 8, 72, 4, 7, [2 3 4 5 6 7 8], [281 17 33 172 314 257 326], [281 172 33 257 17 314 326], 99, 2, 172, 3, 4.000727e+00, Time-out, 16, 188, 16, NA
